0.0,3.80552,5.22628,4.55637,5.98404,8.54033,9.58638,9.69316,11.692,13.8686,14.6803,15.4653,18.0221,19.7737,19.5738,18.8038,17.0093,17.201,14.3952,15.0243,14.6516,11.3571,9.89549,11.6865,11.5541,7.87521,6.85873,5.596,8.01243,11.1446,11.6979,8.90893,10.1951,13.6309,13.2427,12.7931,15.9896,17.5982,17.1214,18.75,22.4675,23.4958,22.1015,22.1926,20.8424,23.2176,42.7636,39.3195,36.4654,33.1753,34.4207,36.9344,38.3546,41.2709,43.518,46.0999,48.5973,48.7246,51.4643,51.732,53.6718,56.2447,53.4746,51.1147,47.328,45.931,42.8435,40.0086,37.3912,34.5347,35.0638,31.7338,30.0249,32.4723,32.1998,35.5325,37.3384,40.9646,43.7981,47.4536,49.6402,53.2543,55.1926,53.7697,55.2147,53.7743,52.8547,50.7207,48.5676,48.2763,47.1671,44.486,43.1329,43.2283,40.7883,38.4232,38.5395,37.6587,34.6462,33.1595,33.7576,36.9158,38.2386,40.5472,42.1005,44.3321,47.4706,49.9006,53.0487,53.7606,56.0288,53.3596,51.1121,53.3221,55.3702,55.2308,54.3383,50.7017,50.9548,51.2683,47.7743,46.1422,47.6761,46.4076,42.7755,42.8975,42.6544,44.4175,46.513,40.5882,41.3695,44.0209,41.7699,39.9179,43.1724,44.1055,40.6605,41.2878,44.4188,42.8657,40.9617,43.3901,45.9206,43.785,42.9678,46.4374,47.3158,44.7719,45.6906,48.6544,49.2556,48.1286,45.9417,43.6641,43.7142,42.7588,39.6868,38.5689,38.8526,36.6191,33.9513,34.0513,33.7184,30.901,28.5788,29.8968,27.0057,27.634,27.2475,23.947,22.3852,20.0638,23.0232,22.9632,25.9599,28.2775,27.0724,23.6206,24.8243,27.0876,24.4851,22.1697,25.2136,26.4908,23.2355,23.1716,26.9001,26.5094,24.0307,26.5323,29.4365,27.5481,27.3128,30.9347,32.4163,30.3536,32.2898,35.6656,35.4716,35.0954,37.8708,40.1068,40.646,43.24,43.8939,47.0548,46.7789,48.8165,49.0441,51.8418,54.0151,56.3692,54.2405,54.0854,51.5344,50.0829,48.3928,47.2041,44.0352,40.7348,38.0629,34.7078,32.7638,33.8571,32.4496,33.0662,36.7685,37.1809,37.3749,36.3384,38.7441,39.5713,43.3799,43.8665,42.3678,41.4161,38.2747,39.8654,38.5634,41.1364,41.5085,41.1712,44.8697,46.0269,44.6114,45.4891,43.3683,44.8191,43.4814,45.0768
3.80552,0.0,3.79101,4.95526,7.7236,8.69006,9.38859,10.8609,12.9391,14.1941,15.2381,16.8264,19.0344,20.4458,20.6682,20.5193,18.8987,19.6606,17.2974,17.7833,16.7552,13.4951,12.5973,13.6224,12.6528,8.95947,8.64632,8.75994,11.5925,14.7098,15.4691,12.5269,13.4402,17.0272,16.4992,15.4937,18.7661,20.5884,19.6581,20.9728,24.6783,25.6157,24.6084,25.129,24.0644,26.4825,46.5315,43.0732,40.2295,36.9644,38.2123,40.7388,42.1372,45.0332,47.2478,49.7899,52.2286,52.2754,54.9415,55.0912,56.9432,59.6021,56.8781,54.608,50.8275,49.5204,46.4594,43.684,41.0894,38.2846,38.8205,35.4946,33.7544,36.121,35.8299,39.1224,40.8827,44.4696,47.2404,50.8629,53.1174,56.6919,58.7164,57.3671,58.8472,57.4513,56.4666,54.2903,52.2096,51.9217,50.7224,48.0649,46.7768,46.7926,44.2903,42.0194,42.1695,41.1704,38.1582,36.7992,37.4526,40.6552,41.9922,44.3364,45.8956,48.1282,51.2508,53.6578,56.8245,57.5036,59.7709,57.0725,54.8665,57.104,59.126,58.9669,58.0286,54.4104,54.6798,54.9278,51.4147,49.8457,51.342,49.9965,46.3946,46.5617,46.3879,48.1767,50.3023,44.2379,45.0334,47.6209,45.2825,43.4397,46.6832,47.5025,44.0,44.6511,47.6896,46.0228,44.0632,46.5238,48.9364,46.645,45.8073,49.3263,50.0052,47.4152,48.4634,51.4799,52.2624,51.2577,49.1386,46.7217,46.7847,46.0038,42.9085,41.63,42.0194,39.9316,37.1388,37.151,36.9987,34.281,31.7802,33.0441,30.1533,30.7783,30.088,26.637,25.1119,23.1311,26.2541,26.3709,29.3749,31.8401,30.5993,27.2172,28.5266,30.8282,28.2019,25.9565,29.0188,30.2666,26.9712,26.9168,30.6256,30.1367,27.5861,30.0857,32.9489,30.8997,30.557,34.2411,35.6314,33.3716,35.2769,38.7207,38.3688,37.7932,40.6677,42.8799,43.1796,45.7536,46.2168,49.2833,48.8262,50.7374,50.7543,53.3756,55.5271,57.9959,56.057,56.099,53.6355,52.3838,50.8655,49.7535,46.6045,43.3857,40.5435,37.2328,35.0258,35.8124,34.0706,34.343,38.0569,38.7762,39.2977,38.4919,41.1169,42.1645,45.9457,46.6342,45.1302,43.9508,40.705,42.057,40.503,42.9392,43.0421,42.7434,46.3535,47.7121,46.4953,47.4824,45.5207,47.1141,45.9356,47.7391
5.22628,3.79101,0.0,3.79967,5.45832,5.24923,6.84483,8.864,10.1057,11.1865,12.9418,14.4651,16.1488,17.8602,18.621,18.4305,17.4375,18.6937,16.6133,17.8356,16.5707,12.9591,12.9685,14.536,13.0375,9.31501,10.2569,9.64161,12.6571,15.1473,15.44,11.9429,12.6536,16.092,14.9759,13.432,16.887,18.6187,17.1235,18.2986,21.9009,23.008,22.4465,23.3224,22.7898,25.5665,46.0878,42.5124,39.8725,36.7243,38.3236,40.8006,42.4693,45.3921,47.8458,50.4553,53.085,53.2288,56.0486,56.3948,58.4507,61.0096,58.2769,55.8393,52.0606,50.5977,47.411,44.5074,41.7325,38.7504,38.9584,35.4589,34.087,36.61,36.6546,40.1094,42.0935,45.7455,48.6856,52.3541,54.5091,58.167,60.0093,58.4554,59.8588,58.311,57.516,55.4832,53.2017,52.8589,51.9078,49.2357,47.7227,47.872,45.5815,43.1208,43.0501,42.2779,39.3821,37.723,38.0334,41.1215,42.1461,44.4131,46.1104,48.2617,51.5194,53.9298,57.0694,57.994,60.3364,57.7951,55.3903,57.4327,59.6084,59.4433,58.7418,55.067,55.128,55.5405,52.1386,50.334,51.7264,50.5923,46.974,46.8349,46.662,48.1849,50.3351,44.3603,45.4354,48.0155,45.6939,44.1035,47.4893,48.3286,44.9324,45.796,48.9185,47.2274,45.5147,48.0938,50.5476,48.3544,47.724,51.2483,52.1163,49.6723,50.702,53.7241,54.3152,53.0939,50.9578,48.7209,48.6503,47.6518,44.6668,43.5291,43.6474,41.4322,38.8752,38.808,38.3085,35.5921,33.3368,34.3861,31.2777,31.4946,30.9031,27.4352,25.4268,23.4424,26.7019,27.1204,30.3635,32.6974,31.786,28.2199,29.0476,31.4364,29.0044,26.3646,29.0967,30.5429,27.2985,26.7152,30.3835,30.1275,27.259,29.3879,32.4287,30.4428,29.6415,33.2843,34.9095,32.4773,34.0306,37.6083,37.4323,36.5442,39.27,41.7055,41.831,44.1826,44.395,47.307,46.6177,48.3251,48.1478,50.7203,53.0107,55.4038,53.5045,53.7171,51.4189,50.2017,48.8795,47.9535,44.6989,41.6413,38.7893,35.3895,33.122,33.9126,32.0174,32.029,35.7809,36.4438,37.1272,36.2496,38.9883,40.0445,43.7772,44.5319,42.87,41.5217,38.2834,39.555,37.9614,40.4676,40.597,40.5661,44.1487,45.4129,44.4105,45.651,43.9069,45.7455,44.8188,46.6458
4.55637,4.95526,3.79967,0.0,3.81124,5.08349,5.08735,5.90808,8.24972,9.6963,10.4831,11.8818,14.252,15.6754,15.7987,15.5743,14.1066,15.1945,13.2058,14.1857,12.7935,9.24276,9.37257,10.8673,9.36289,5.64507,7.09656,6.68742,10.1757,12.2636,13.2091,9.91751,9.74948,13.4251,13.0468,11.3081,14.3679,16.6164,15.6862,16.5037,20.2359,20.8796,19.935,20.7622,20.0005,22.5096,44.2928,40.7161,38.1592,34.8437,36.425,38.6662,40.1685,42.9139,45.3932,47.8406,50.4167,50.3888,53.1597,53.4377,55.5365,58.16,55.5414,53.1455,49.3928,48.0675,44.7971,42.0182,39.1323,36.2738,36.3693,32.9027,31.4365,33.7566,33.9499,37.4325,39.5823,43.1765,46.2048,49.824,52.108,55.7797,57.6576,56.0311,57.5985,56.1841,55.5161,53.362,51.0238,50.9084,50.0254,47.1819,45.7989,46.1892,43.8245,41.2194,41.3719,40.8131,37.7583,35.9636,36.4111,39.3385,40.4882,42.531,43.9923,45.9525,49.1244,51.3667,54.6162,55.5119,57.9901,55.5136,53.1468,55.2688,57.5444,57.59,56.879,53.1763,53.391,53.9749,50.5585,48.6919,50.3112,49.3128,45.6169,45.4944,45.0353,46.5265,48.4537,41.4314,42.5807,45.0094,42.543,41.0377,44.4637,45.131,41.7108,42.7266,45.7686,43.936,42.3243,45.0345,47.3806,45.126,44.6624,48.2379,49.1078,46.8052,47.9741,51.0951,51.6913,50.3489,48.3676,46.1219,45.8381,44.8795,42.0296,40.7616,40.7046,38.6164,36.1239,35.8092,35.25,32.7123,30.4006,31.1973,27.976,28.0446,27.2995,23.7799,21.7318,19.9158,23.2896,23.9579,27.3092,29.8335,29.1498,25.5912,26.3858,29.0476,26.8807,24.186,26.9665,28.7424,25.742,25.1765,28.9288,29.0334,26.3708,28.4074,31.6194,30.0115,29.339,32.8424,34.7134,32.599,34.1121,37.6184,37.7453,37.0925,39.6257,42.1651,42.5924,44.9081,45.2868,48.2588,47.6835,49.4283,49.3737,52.1186,54.5295,56.7454,54.6452,54.7266,52.4155,50.942,49.4825,48.5374,45.1921,42.0861,39.4822,35.966,34.0401,35.2198,33.6346,33.8837,37.6453,37.9653,38.3564,37.1349,39.6365,40.3421,44.0946,44.5287,42.6979,41.6293,38.5873,40.1891,38.9262,41.6681,42.1268,42.1927,45.8573,46.8617,45.7371,46.9531,45.0884,46.8155,45.7329,47.2854
5.98404,7.7236,5.45832,3.81124,0.0,3.79336,5.63565,5.12078,5.87153,8.49578,9.93708,10.2242,12.33,14.5525,14.8615,13.8675,12.9608,13.9343,11.7336,13.6572,12.7984,8.99924,9.45439,12.0331,10.9927,7.71045,9.12755,7.13507,9.8243,11.1963,11.2263,7.51651,7.66594,10.9028,9.77513,8.00923,11.4479,13.253,12.0649,13.2563,16.9587,18.0299,17.1664,17.8773,17.3822,20.2785,41.4776,37.8355,35.3995,32.2224,34.0661,36.3318,38.1059,40.9411,43.5988,46.179,48.9486,49.1245,52.0718,52.6105,54.8946,57.3413,54.6424,52.0507,48.3015,46.7456,43.415,40.4631,37.4881,34.427,34.3117,30.7149,29.6069,32.1749,32.578,36.1728,38.4401,42.1088,45.2523,48.9285,51.0254,54.7641,56.4253,54.633,56.0494,54.448,53.9182,51.9526,49.4485,49.207,48.5485,45.7558,44.1215,44.5791,42.456,39.7132,39.5983,39.2243,36.3362,34.2878,34.3855,37.2272,38.0857,40.1124,41.7483,43.7127,47.0164,49.3385,52.502,53.6045,56.0757,53.7146,51.1689,53.0956,55.4552,55.4342,54.9297,51.1962,51.1957,51.8829,48.5783,46.5258,48.0157,47.1838,43.4975,43.1165,42.7034,43.9887,45.982,39.5638,40.8701,43.3987,41.0886,39.7301,43.2327,44.0786,40.8117,41.8886,45.0825,43.3999,41.975,44.6666,47.1707,45.1545,44.7803,48.2731,49.4295,47.216,48.1995,51.2208,51.5354,50.0038,47.9038,45.9126,45.6171,44.3556,41.5677,40.5919,40.3327,38.0007,35.7761,35.582,34.6553,31.9912,30.0594,30.8366,27.5444,27.3674,27.0384,23.7143,21.3075,19.1375,22.3735,23.0217,26.4581,28.6485,28.1676,24.4658,24.7868,27.352,25.294,22.2857,24.7247,26.5538,23.5868,22.5803,26.2541,26.5095,23.6201,25.3707,28.6843,27.1574,26.1898,29.6311,31.6715,29.5142,30.7988,34.3526,34.6472,33.876,36.268,38.9438,39.3629,41.5496,41.8737,44.8021,44.1997,45.9109,45.8822,48.6979,51.1742,53.2941,51.1149,51.1711,48.8949,47.3493,45.9123,45.0312,41.6295,38.5813,36.0501,32.4755,30.6473,31.9856,30.5139,30.8307,34.5836,34.6895,34.9786,33.6048,36.0546,36.6744,40.4114,40.8116,38.9281,37.8593,34.8542,36.5187,35.3602,38.1987,38.8178,38.9932,42.6825,43.5243,42.4023,43.692,41.874,43.6691,42.6698,44.1416
8.54033,8.69006,5.24923,5.08349,3.79336,0.0,3.79043,5.54548,5.27763,6.33521,8.82792,9.9508,11.0999,13.1911,14.402,14.0674,13.875,15.727,14.2688,16.3323,14.7867,11.0816,12.4205,14.4738,12.5319,9.46485,11.7467,10.5544,13.5441,14.8071,14.8559,11.105,10.866,13.8689,12.4143,9.8796,13.1597,15.0505,13.0616,13.6593,17.1479,18.1778,18.0762,19.4702,19.6198,22.6674,44.4078,40.7075,38.4281,35.3563,37.3851,39.602,41.49,44.2958,47.0548,49.6193,52.439,52.5912,55.5566,56.107,58.4383,60.8983,58.2452,55.637,51.9035,50.3456,46.9684,44.0122,40.9608,37.8697,37.5692,33.9119,32.9867,35.5382,36.114,39.7469,42.1006,45.7599,48.9465,52.613,54.7152,58.4661,60.0923,58.2375,59.648,58.0071,57.5461,55.623,53.0626,52.8095,52.2255,49.4361,47.7408,48.2239,46.1654,43.3911,43.1976,42.865,40.0341,37.9288,37.8971,40.6898,41.3879,43.3731,45.0688,46.962,50.3112,52.5929,55.753,56.9711,59.4914,57.2114,54.5917,56.4247,58.8571,58.8334,58.4329,54.6874,54.5891,55.3312,52.0823,49.9458,51.3564,50.5969,46.9302,46.4127,46.0386,47.1811,49.1881,42.658,44.1398,46.585,44.212,43.0233,46.5861,47.3319,44.0912,45.3162,48.4659,46.67,45.3523,48.1403,50.5587,48.4709,48.2103,51.7457,52.8479,50.6913,51.7776,54.8514,55.2036,53.6399,51.5978,49.595,49.2214,47.984,45.2502,44.2143,43.8821,41.6118,39.4194,39.0994,38.1331,35.5711,33.6241,34.2321,30.8406,30.4379,29.9016,26.4774,23.8718,22.0493,25.4404,26.3921,29.9246,32.1625,31.831,28.118,28.2898,30.9182,28.9613,25.8502,28.1139,30.0145,27.0775,25.832,29.4217,29.7339,26.6612,28.1785,31.5275,29.9403,28.6389,32.0571,34.159,31.7755,32.7998,36.4577,36.7514,35.6394,37.9835,40.7752,40.9025,42.9072,42.911,45.6412,44.7321,46.1814,45.8388,48.4738,51.0411,53.1774,51.1762,51.5139,49.44,48.071,46.9137,46.2306,42.7824,39.9306,37.2879,33.7095,31.6616,32.7636,30.9397,30.7888,34.5523,34.8433,35.5026,34.2524,36.9323,37.7108,41.3652,41.9537,39.9477,38.591,35.5424,36.9587,35.5921,38.3713,38.8087,39.2256,42.8085,43.7223,42.9192,44.4727,42.9377,44.9992,44.2903,45.92
9.58638,9.38859,6.84483,5.08735,5.63565,3.79043,0.0,3.8078,5.41368,5.06056,6.21518,8.48729,10.1473,11.2093,12.0793,12.5558,11.9563,14.2216,13.41,14.9427,12.6563,9.30074,11.2835,12.507,9.83622,7.37586,10.5493,10.4269,13.8971,14.9094,15.8487,12.4386,11.1343,14.3846,13.8419,10.8821,13.4562,16.1329,14.6084,14.3764,17.8778,18.1154,17.9042,19.6203,19.6997,22.3587,45.8024,42.1127,39.914,36.6679,38.6256,40.5939,42.2432,44.8252,47.5603,49.8994,52.5916,52.473,55.308,55.6695,57.9645,60.5739,58.092,55.6176,51.921,50.605,47.1674,44.4138,41.2768,38.3902,38.0052,34.4212,33.3235,35.5549,36.2482,39.8584,42.3378,45.8936,49.1142,52.6943,55.0035,58.7316,60.4813,58.6198,60.2505,58.8094,58.422,56.3163,53.7677,53.7766,53.1725,50.2122,48.7338,49.4054,47.1927,44.3521,44.4532,44.2321,41.2115,39.0929,39.2975,41.9669,42.8536,44.6271,46.0459,47.7296,50.9504,53.0169,56.3175,57.4543,60.1217,57.8797,55.3556,57.3177,59.8273,60.0262,59.556,55.7993,55.9066,56.7704,53.4775,51.3475,52.9907,52.295,48.5665,48.1399,47.5058,48.6647,50.4418,42.5992,44.153,46.3636,43.7512,42.6557,46.2388,46.6862,43.37,44.7761,47.7456,45.6944,44.4393,47.3941,49.5849,47.2963,47.2044,50.833,51.7648,49.7309,51.0794,54.3042,54.8177,53.2287,51.4184,49.2843,48.6887,47.6512,45.0455,43.7282,43.2995,41.301,39.068,38.4074,37.5426,35.2674,33.1033,33.3972,29.907,29.3544,28.3772,24.7954,22.2103,20.9225,24.5335,25.8836,29.5002,32.0717,31.929,28.3057,28.5854,31.5228,29.8047,26.7553,29.1361,31.3308,28.6095,27.4966,31.1608,31.7337,28.8848,30.3802,33.8361,32.5102,31.3572,34.676,36.9193,34.7513,35.7741,39.376,39.8361,38.871,41.108,43.9505,44.2347,46.2125,46.2747,49.0024,48.098,49.4977,49.132,51.7983,54.4577,56.4942,54.4368,54.7801,52.7574,51.2749,50.0923,49.4318,45.9269,43.079,40.5774,36.9423,35.0658,36.3223,34.5866,34.445,38.2009,38.3899,38.9815,37.5721,40.1431,40.7155,44.3534,44.7435,42.5742,41.3681,38.4737,40.0519,38.8507,41.7428,42.3043,42.8215,46.4077,47.2166,46.4246,48.0049,46.4451,48.4652,47.6831,49.1807
9.69316,10.8609,8.864,5.90808,5.12078,5.54548,3.8078,0.0,3.78538,5.37345,5.161,6.00961,8.77869,10.1247,10.034,9.71829,8.66997,10.5587,9.63606,11.4419,9.43846,5.93627,8.33683,10.123,8.03633,6.15858,9.28122,8.54151,11.6166,11.8536,12.9347,9.86433,7.79131,10.8912,10.8651,7.86234,10.0372,13.0242,12.1463,11.8442,15.4863,15.5121,14.7389,16.1815,16.0241,18.5802,42.4685,38.791,36.6653,33.3538,35.3341,37.1481,38.7499,41.2437,44.0271,46.3099,49.0241,48.8883,51.7547,52.1812,54.5638,57.1266,54.6725,52.1527,48.4807,47.1614,43.6715,40.9424,37.7317,34.8718,34.3742,30.7985,29.7421,31.9217,32.7593,36.4026,39.0044,42.537,45.8362,49.3975,51.6995,55.4483,57.1352,55.1839,56.853,55.4372,55.1665,53.0555,50.4299,50.5372,50.0478,47.0116,45.5414,46.3848,44.2158,41.2538,41.4162,41.3971,38.3483,36.0741,36.2663,38.7845,39.6803,41.2969,42.6009,44.172,47.3631,49.3582,52.6875,53.8501,56.5787,54.4059,51.8648,53.8229,56.3992,56.7062,56.2809,52.5121,52.6628,53.6563,50.3963,48.1895,49.9447,49.3824,45.6238,45.1516,44.3401,45.4344,47.0771,38.8407,40.454,42.6249,40.0075,38.984,42.5991,43.041,39.7758,41.2607,44.2503,42.215,41.0797,44.0721,46.2867,44.0967,44.1152,47.714,48.7929,46.8749,48.188,51.402,51.7801,50.0472,48.271,46.2546,45.5451,44.396,41.9,40.6516,40.0427,38.0114,35.9431,35.2117,34.157,31.9341,29.9211,30.0739,26.5182,25.8026,24.9729,21.4865,18.7374,17.3319,20.918,22.3788,26.0597,28.5879,28.6608,25.0291,25.1107,28.1591,26.6771,23.5355,25.8132,28.2204,25.7258,24.5342,28.1848,29.0434,26.3516,27.7095,31.2584,30.252,29.1913,32.3527,34.7725,32.8896,33.8728,37.3736,38.0818,37.342,39.4037,42.2978,42.8631,44.823,45.082,47.8883,47.1634,48.6677,48.5106,51.3679,54.0762,55.9592,53.6878,53.8298,51.7413,50.0155,48.6576,47.9394,44.3948,41.4872,39.2246,35.5304,33.9947,35.6115,34.2403,34.4347,38.1618,38.0042,38.2434,36.5375,38.8394,39.0993,42.7488,42.8523,40.6116,39.6977,36.979,38.8677,37.995,41.0676,41.9495,42.466,46.1316,46.6974,45.7149,47.1991,45.4882,47.3573,46.4125,47.6495
11.692,12.9391,10.1057,8.24972,5.87153,5.27763,5.41368,3.78538,0.0,3.79243,5.55159,5.01881,6.47183,9.04686,9.92959,8.97741,9.36641,11.5224,10.7902,13.5187,11.9613,8.66252,11.1214,13.4725,11.6668,9.86538,12.6617,11.1428,13.6496,13.497,13.6218,10.3411,8.7083,10.9131,9.81343,6.28909,8.70927,11.1449,9.36409,8.98645,12.5286,13.0844,12.9692,14.7334,15.324,18.3883,41.5608,37.8088,35.8707,32.7843,35.0849,36.9277,38.8528,41.4363,44.4098,46.8289,49.7406,49.8149,52.8481,53.5263,56.0765,58.4664,55.9421,53.2397,49.5842,48.0346,44.5027,41.6037,38.3195,35.2554,34.5055,30.8007,30.1898,32.6135,33.6759,37.4038,40.0948,43.6845,47.0706,50.6762,52.7813,56.5812,58.0498,55.9437,57.4388,55.8169,55.6767,53.7801,51.0017,50.9485,50.6791,47.7318,45.9938,46.8604,44.9525,41.8964,41.7476,41.8705,39.0341,36.5526,36.3536,38.786,39.3196,40.9309,42.4569,44.0269,47.3635,49.4384,52.6561,54.0616,56.7726,54.7336,51.9983,53.7168,56.3774,56.5854,56.3948,52.6083,52.4946,53.5739,50.4507,48.058,49.6181,49.2175,45.5024,44.7361,44.0325,44.8744,46.6142,39.1156,40.9291,43.1763,40.7212,39.8933,43.575,44.1733,41.0816,42.6385,45.7497,43.8462,42.9007,45.869,48.2053,46.2207,46.3187,49.837,51.1393,49.2901,50.4463,53.5638,53.7116,51.8339,49.9479,48.1553,47.457,46.0492,43.6072,42.6227,41.8563,39.6171,37.7879,37.1779,35.8111,33.4903,31.8278,31.9663,28.3791,27.409,26.928,23.654,20.5865,18.9786,22.3786,23.846,27.5587,29.7359,29.9921,26.2687,25.8771,28.7725,27.3915,23.9796,25.8279,28.2331,25.7705,24.0814,27.5637,28.5307,25.5521,26.5229,30.1326,29.1422,27.6456,30.7195,33.2868,31.2432,31.8805,35.459,36.2927,35.2665,37.1744,40.2284,40.62,42.3666,42.4072,45.0628,44.1589,45.498,45.2066,48.0272,50.8265,52.6353,50.3919,50.6538,48.7005,47.014,45.8265,45.268,41.6651,38.9231,36.6694,32.9453,31.3891,33.0107,31.5751,31.5969,35.289,35.0322,35.3662,33.5992,35.966,36.2404,39.8213,40.0078,37.6688,36.5913,33.8832,35.6867,34.8011,37.9157,38.8437,39.5732,43.1887,43.6487,42.8327,44.5069,42.9893,45.0466,44.3309,45.5867
13.8686,14.1941,11.1865,9.6963,8.49578,6.33521,5.06056,5.37345,3.79243,0.0,3.79418,5.31928,5.41828,6.97644,8.92404,9.37759,10.2807,13.2976,13.43,15.7727,13.4394,10.5661,13.5353,15.1025,12.4692,11.0851,14.48,13.7956,16.7508,16.7443,17.253,13.9969,12.1304,14.4011,13.5245,9.86951,11.66,14.2922,12.2552,11.0163,14.0614,14.0824,14.6753,17.1112,18.11,20.9809,44.9714,41.2064,39.3981,36.3237,38.6785,40.3995,42.2796,44.7449,47.7501,50.0546,52.9255,52.8578,55.8282,56.4124,58.9581,61.431,59.0176,56.3799,52.7545,51.322,47.7503,44.9483,41.6031,38.6267,37.7538,34.0727,33.4786,35.7335,36.9172,40.6356,43.4047,46.9369,50.3445,53.9018,56.1059,59.8948,61.4081,59.2765,60.8633,59.3085,59.2262,57.2739,54.4836,54.5282,54.2738,51.2667,49.5943,50.5281,48.5795,45.503,45.4328,45.5863,42.7028,40.2226,40.0655,42.4409,42.9665,44.4802,45.9281,47.369,50.6662,52.6168,55.8852,57.3197,60.1169,58.1412,55.4126,57.1288,59.856,60.1487,59.9841,56.1931,56.1071,57.2522,54.1409,51.7189,53.3147,52.9623,49.2415,48.4475,47.6837,48.4568,50.1162,42.017,43.9589,46.0346,43.4336,42.7531,46.4628,46.8503,43.743,45.4633,48.4467,46.35,45.4883,48.5836,50.7469,48.61,48.8443,52.4319,53.5943,51.8245,53.1724,56.3922,56.6609,54.7765,53.0321,51.1525,50.3224,49.045,46.6803,45.517,44.6944,42.632,40.775,39.9458,38.6433,36.5164,34.717,34.6368,30.976,29.8364,28.9872,25.591,22.4781,21.4002,24.956,26.7482,30.5132,32.8746,33.2511,29.5798,29.2164,32.2479,30.9745,27.5831,29.4184,31.9266,29.5251,27.8186,31.2733,32.3054,29.3085,30.1868,33.8145,32.831,31.2121,34.2481,36.8562,34.7241,35.2207,38.8368,39.6859,38.4803,40.3385,43.4623,43.6869,45.3018,45.1248,47.621,46.4845,47.5939,47.038,49.7032,52.5953,54.3806,52.2769,52.7713,51.0038,49.4311,48.4581,48.0564,44.4203,41.8354,39.5428,35.8273,34.1534,35.6122,33.9324,33.5935,37.2676,37.1481,37.7571,36.0651,38.5646,38.9021,42.3915,42.6592,40.1861,38.9408,36.2719,37.9127,36.9148,39.9894,40.7937,41.7322,45.2459,45.7412,45.1838,47.0567,45.746,47.9761,47.4436,48.7845
14.6803,15.2381,12.9418,10.4831,9.93708,8.82792,6.21518,5.161,5.55159,3.79418,0.0,3.78065,5.52994,5.34339,5.9491,7.23234,7.4298,10.7785,11.6448,13.462,10.6118,8.47344,11.9655,12.8906,10.0482,9.80059,13.4514,13.3535,16.3132,15.8807,17.1116,14.3724,11.6707,13.9176,14.0474,10.429,11.2949,14.6096,13.4535,11.6749,14.6774,13.7849,13.8526,16.3388,17.0555,19.4056,44.7553,41.04,39.2947,36.0505,38.2864,39.7452,41.3616,43.5921,46.5511,48.6285,51.3675,51.0557,53.9022,54.331,56.8523,59.4343,57.1814,54.6634,51.0908,49.8802,46.2675,43.6713,40.2659,37.5098,36.5716,33.0051,32.2397,34.1674,35.4616,39.1303,42.0109,45.4227,48.8555,52.3149,54.6892,58.446,60.0528,57.9116,59.6999,58.343,58.3408,56.2249,53.4485,53.7518,53.4941,50.3318,48.8728,50.0038,47.9296,44.7897,45.0071,45.296,42.2511,39.7511,39.8227,42.0476,42.7731,44.0629,45.2136,46.4455,49.5928,51.3299,54.7215,56.0582,58.983,57.0482,54.4275,56.273,59.0594,59.576,59.337,55.55,55.6792,56.9447,53.8021,51.3977,53.235,52.9526,49.1838,48.4948,47.458,48.2608,49.673,40.3438,42.3247,44.1778,41.3782,40.7806,44.4875,44.6152,41.4667,43.3439,46.1615,43.8657,43.0891,46.315,48.284,46.02,46.4244,50.0605,51.1222,49.4986,51.0426,54.3674,54.7287,52.7925,51.2613,49.3136,48.2703,47.1386,44.926,43.5538,42.6048,40.7795,38.9489,37.8197,36.5617,34.7154,32.7954,32.406,28.6875,27.3828,26.2022,22.7521,19.6446,19.0602,22.723,24.8676,28.6577,31.2666,31.8527,28.3129,28.0104,31.2945,30.2944,27.0023,28.9133,31.6827,29.5437,28.0059,31.4945,32.7826,30.0789,30.9633,34.6544,33.9683,32.5927,35.5059,38.2259,36.3931,36.9616,40.4661,41.4867,40.5461,42.3022,45.4277,45.9174,47.5659,47.5755,50.146,49.1504,50.3271,49.8985,52.6782,55.6143,57.2874,55.0439,55.4099,53.6055,51.8427,50.7261,50.2669,46.6033,43.9532,41.8544,38.0984,36.6837,38.3833,36.936,36.8122,40.4774,40.1769,40.5559,38.6626,40.9494,41.0168,44.5093,44.4981,41.9273,40.9644,38.4796,40.3799,39.6384,42.8389,43.8456,44.7697,48.3338,48.6893,47.9996,49.7842,48.3349,50.4162,49.7042,50.8436
15.4653,16.8264,14.4651,11.8818,10.2242,9.9508,8.48729,6.00961,5.01881,5.31928,3.78065,0.0,3.80095,5.23047,5.06947,4.21286,5.33614,8.48658,9.46876,12.0779,9.99324,8.04655,11.5367,13.2282,11.2859,11.1624,14.3198,13.3828,15.6479,14.4782,15.2628,12.8695,9.95787,11.3264,11.4183,7.76645,7.86482,11.1799,10.2876,8.18203,11.194,10.2755,10.1178,12.613,13.5943,16.1455,41.3351,37.6048,36.0098,32.8498,35.2535,36.6142,38.3664,40.587,43.6718,45.795,48.6586,48.4756,51.4429,52.0741,54.7452,57.1786,54.8881,52.2311,48.687,47.3312,43.6748,40.9971,37.5185,34.6714,33.5264,29.9082,29.426,31.4585,32.9659,36.6888,39.6825,43.1047,46.6252,50.0941,52.3326,56.1246,57.5589,55.2804,56.9826,55.525,55.6647,53.6736,50.7707,51.0422,50.9804,47.8315,46.2318,47.4832,45.5917,42.3335,42.4199,42.922,39.9911,37.2868,37.1401,39.2008,39.7413,40.9155,42.1028,43.2635,46.4657,48.2098,51.549,53.0283,55.9684,54.1471,51.4147,53.1266,55.9896,56.5169,56.4292,52.6345,52.6518,54.0416,51.0016,48.4578,50.264,50.1551,46.4034,45.5371,44.4373,45.0668,46.4358,37.316,39.4309,41.321,38.6379,38.1811,41.9358,42.1858,39.1823,41.1218,44.0397,41.8741,41.2745,44.4777,46.5629,44.5218,45.0148,48.5602,49.8743,48.3524,49.7388,52.9722,53.0898,50.9828,49.3904,47.6685,46.5835,45.2098,43.0961,41.9561,40.8097,38.8201,37.2513,36.1866,34.6123,32.7265,31.1467,30.6886,26.9426,25.4014,24.6163,21.4228,18.0284,17.1577,20.6206,22.7984,26.6118,28.9442,29.7738,26.2066,25.4888,28.7312,27.9669,24.5011,26.0744,28.9734,27.0499,25.2185,28.5637,30.111,27.4253,28.0003,31.7497,31.3255,29.8377,32.5529,35.449,33.7826,34.1629,37.5906,38.8469,37.9666,39.5093,42.7177,43.3494,44.8903,44.9711,47.5354,46.6268,47.8307,47.5351,50.4481,53.4331,54.9586,52.559,52.7958,50.9858,49.0539,47.8629,47.4176,43.7216,41.103,39.2087,35.4272,34.2879,36.2561,35.0892,35.1774,38.7734,38.1632,38.2879,36.1536,38.2312,38.0579,41.5143,41.3123,38.6674,37.8806,35.5521,37.6573,37.18,40.5146,41.7871,42.7703,46.3598,46.4848,45.6999,47.4632,45.9739,47.9971,47.2543,48.1958
18.0221,19.0344,16.1488,14.252,12.33,11.0999,10.1473,8.77869,6.47183,5.41828,5.52994,3.80095,0.0,3.79348,6.04274,5.73122,8.45641,11.6917,12.9003,15.7401,13.7151,11.8258,15.245,16.9838,14.822,14.4688,17.7448,16.6909,18.968,17.8658,18.1666,15.5744,13.1073,14.0783,13.4222,9.70638,9.77248,12.328,10.523,7.79764,10.0003,9.21052,10.4752,13.6195,15.4842,18.264,42.7514,38.98,37.612,34.6778,37.339,38.673,40.6565,42.8897,46.1176,48.2926,51.2801,51.2039,54.2601,55.0402,57.8235,60.1545,57.8621,55.1029,51.5958,50.1158,46.4319,43.6744,40.1429,37.1917,35.8164,32.1444,32.021,34.158,35.8539,39.6063,42.6672,46.0963,49.6694,53.1427,55.2642,59.0785,60.3625,57.9647,59.56,57.9698,58.229,56.3898,53.3781,53.5549,53.6617,50.5751,48.7995,50.0748,48.3691,45.0565,44.9284,45.5271,42.7521,39.9238,39.4977,41.4717,41.7164,42.8488,44.1837,45.2863,48.5732,50.3209,53.5729,55.2576,58.207,56.5253,53.6506,55.1583,58.1055,58.581,58.6929,54.896,54.7083,56.1817,53.2646,50.5757,52.2236,52.2552,48.5531,47.4476,46.4288,46.8234,48.2375,39.5418,41.8559,43.7193,41.1225,40.885,44.6753,44.9551,42.0963,44.1404,47.0801,44.9438,44.5145,47.7329,49.8274,47.8753,48.4689,51.9751,53.3789,51.9299,53.2786,56.4771,56.4862,54.2873,52.6705,51.0719,49.959,48.461,46.4122,45.3921,44.1348,42.0732,40.6525,39.6085,37.866,35.9856,34.5914,34.0715,30.318,28.5786,27.8955,24.8372,21.3119,20.5165,23.8348,26.0678,29.8679,31.9988,32.9628,29.3745,28.3723,31.5007,30.8179,27.213,28.463,31.3387,29.4479,27.2724,30.4366,32.0455,29.1427,29.3816,33.1364,32.7038,30.8221,33.4282,36.426,34.5836,34.6093,38.0948,39.4411,38.2315,39.6138,42.9689,43.3561,44.6386,44.4124,46.745,45.5564,46.4801,45.9188,48.7016,51.8097,53.2475,50.957,51.429,49.8498,48.0233,47.1071,46.8897,43.1454,40.7738,38.877,35.1073,33.896,35.7601,34.4199,34.1685,37.6892,37.0684,37.4222,35.291,37.4796,37.3535,40.6731,40.5908,37.7954,36.7716,34.4985,36.4235,35.8832,39.2125,40.4544,41.7332,45.2016,45.2506,44.7568,46.7822,45.5779,47.8425,47.394,48.3991
19.7737,20.4458,17.8602,15.6754,14.5525,13.1911,11.2093,10.1247,9.04686,6.97644,5.34339,5.23047,3.79348,0.0,3.83088,5.94404,8.31547,12.0273,14.0538,16.2198,13.5551,12.4085,16.1368,17.0722,14.4835,14.9066,18.4684,18.1367,20.6767,19.5436,20.4736,18.0756,15.1641,16.3569,16.3789,12.6918,12.3192,15.3227,14.0269,11.0487,12.8638,11.11,12.2575,15.599,17.3196,19.5354,45.1731,41.4472,40.1597,37.1116,39.6756,40.7889,42.5416,44.5491,47.7322,49.6791,52.5292,52.1924,55.1057,55.7013,58.4412,60.9047,58.7928,56.174,52.7241,51.4798,47.7636,45.2155,41.6358,38.9031,37.462,33.9091,33.632,35.436,37.2274,40.9175,44.0652,47.3726,50.9521,54.3247,56.6267,60.4016,61.7935,59.3986,61.1886,59.7852,60.1072,58.1135,55.129,55.5341,55.6157,52.3985,50.8233,52.2407,50.4047,47.0653,47.1867,47.8502,44.9315,42.1317,41.9152,43.7902,44.1978,45.1514,46.2363,47.139,50.2838,51.8121,55.1749,56.7833,59.8579,58.2248,55.4498,57.0616,60.0664,60.736,60.787,56.9979,56.9878,58.5527,55.6074,52.9436,54.7737,54.8447,51.1094,50.0947,48.878,49.2894,50.5,40.6447,43.0266,44.6291,41.8103,41.6971,45.4785,45.4457,42.5472,44.774,47.5061,45.1188,44.7801,48.1475,49.9926,47.8533,48.629,52.2032,53.4304,52.1194,53.7174,57.0435,57.2083,54.9963,53.6105,51.8966,50.5783,49.2816,47.3698,46.0916,44.7475,42.9665,41.5221,40.1617,38.5282,36.9509,35.373,34.5462,30.7487,28.8457,27.7034,24.5682,21.1021,20.972,24.4042,27.0031,30.8081,33.2162,34.3346,30.8785,30.0028,33.3486,32.8495,29.3634,30.7203,33.7717,32.0317,30.0295,33.2293,34.9663,32.2426,32.5286,36.308,36.0062,34.2659,36.823,39.8605,38.1374,38.2032,41.6419,43.0472,41.9238,43.2688,46.6279,47.084,48.3548,48.1411,50.4474,49.2318,50.0861,49.4601,52.2068,55.3681,56.7449,54.4674,54.9893,53.4793,51.6201,50.7255,50.5386,46.7802,44.4344,42.6056,38.8317,37.6735,39.5522,38.1926,37.8805,41.3973,40.7981,41.1797,39.0184,41.1647,40.9447,44.2177,44.0261,41.1357,40.1964,38.0446,40.0106,39.5308,42.8761,44.128,45.469,48.9112,48.9369,48.4942,50.5491,49.3556,51.6079,51.129,52.0824
19.5738,20.6682,18.621,15.7987,14.8615,14.402,12.0793,10.034,9.92959,8.92404,5.9491,5.06947,6.04274,3.83088,0.0,3.81249,5.22886,8.90595,11.5572,13.2773,10.5816,10.3391,14.0974,14.7093,12.509,13.7493,17.0715,16.9195,19.1681,17.6078,19.0029,17.17,13.7802,14.7593,15.6412,12.2844,11.1806,14.6158,14.292,11.3573,13.322,10.9805,11.0319,14.0235,15.2273,16.9014,43.387,39.7335,38.4378,35.237,37.6356,38.5529,40.0585,41.8891,44.997,46.7761,49.5096,49.0063,51.8254,52.3137,55.0257,57.5522,55.5389,53.0096,49.6,48.5164,44.7919,42.4051,38.8117,36.2669,34.8304,31.4004,30.946,32.4897,34.3276,37.9545,41.158,44.3641,47.9434,51.2373,53.6488,57.3892,58.8509,56.4712,58.4047,57.1612,57.5195,55.4,52.4488,53.048,53.1091,49.7874,48.3923,49.9492,48.0175,44.65,45.0067,45.7683,42.7372,39.944,39.9307,41.6858,42.2927,43.0838,43.917,44.6846,47.694,49.0779,52.531,54.0191,57.1641,55.5324,52.8685,54.6096,57.6237,58.4568,58.4137,54.6416,54.8262,56.4559,53.4787,50.865,52.8972,52.996,49.2347,48.3476,46.916,47.4,48.4165,37.6847,40.034,41.4998,38.5558,38.4505,42.2098,42.0254,39.0945,41.3933,44.0224,41.5376,41.2428,44.6695,46.41,44.2263,45.0983,48.678,49.8765,48.667,50.3517,53.7182,53.9131,51.6637,50.4133,48.6798,47.2281,46.0118,44.2136,42.8264,41.3909,39.7606,38.3644,36.8222,35.2015,33.8197,32.2063,31.1713,27.3682,25.358,24.0606,20.9627,17.4986,17.692,21.1099,23.926,27.6967,30.2419,31.5124,28.1994,27.3674,30.866,30.5915,27.2385,28.6521,31.8701,30.368,28.5658,31.7708,33.6835,31.2678,31.6158,35.3988,35.345,33.9067,36.3658,39.4402,38.0226,38.243,41.5481,43.0598,42.2604,43.5634,46.8579,47.6144,48.9978,49.0595,51.5161,50.5483,51.5922,51.2144,54.1252,57.2518,58.574,56.122,56.4113,54.7602,52.7006,51.5675,51.2371,47.4924,45.0051,43.3449,39.5554,38.6463,40.763,39.6861,39.7118,43.24,42.4735,42.55,40.227,42.1408,41.6891,45.0089,44.5523,41.6785,41.0683,39.0395,41.2821,41.0411,44.4806,45.9221,47.1132,50.6467,50.5765,49.8862,51.7484,50.3279,52.3568,51.6274,52.382
18.8038,20.5193,18.4305,15.5743,13.8675,14.0674,12.5558,9.71829,8.97741,9.37759,7.23234,4.21286,5.73122,5.94404,3.81249,0.0,3.76183,6.73997,9.13233,11.648,9.92741,9.46686,12.9189,14.3676,12.9865,13.8456,16.697,15.7702,17.4314,15.4134,16.3278,14.7868,11.4532,11.6882,12.5133,9.4293,7.64933,10.9758,11.0473,8.13075,10.1971,8.01015,7.42838,10.2774,11.5971,13.6083,39.6895,36.0136,34.7387,31.601,34.1039,35.0575,36.7172,38.6481,41.8361,43.7509,46.6141,46.31,49.2674,49.9569,52.7672,55.1469,53.0132,50.3393,46.9108,45.6347,41.9024,39.3713,35.7617,33.0688,31.5645,28.0496,27.797,29.554,31.4573,35.1452,38.3673,41.6392,45.2617,48.612,50.8647,54.6435,55.9678,53.5213,55.3212,53.9444,54.3396,52.3484,49.3229,49.8073,49.9752,46.7156,45.1657,46.7282,44.9438,41.5251,41.7195,42.5724,39.6581,36.7448,36.5452,38.248,38.7157,39.5175,40.4616,41.2893,44.3902,45.8892,49.273,50.8526,53.9439,52.3326,49.5736,51.2178,54.2374,54.9926,55.0372,51.2567,51.324,52.9737,50.0533,47.3668,49.3247,49.4904,45.7493,44.7531,43.3543,43.763,44.8359,34.7164,37.0863,38.7198,35.9508,35.8318,39.6241,39.683,36.8411,39.0629,41.8665,39.6004,39.3392,42.6643,44.6149,42.6646,43.4715,46.9595,48.3986,47.164,48.6172,51.86,51.8369,49.5041,48.0967,46.5471,45.1848,43.7286,41.9115,40.7903,39.2948,37.4227,36.1854,34.8515,32.9955,31.4297,30.1086,29.203,25.4144,23.3676,22.5907,19.7085,16.0521,15.6549,18.8738,21.5138,25.2911,27.5392,28.8766,25.4961,24.3674,27.7533,27.549,24.0657,25.2479,28.4799,27.0703,25.0733,28.1799,30.2029,27.7932,27.9726,31.7638,31.844,30.371,32.7178,35.8588,34.5557,34.7103,37.9497,39.5693,38.8549,40.0592,43.3588,44.2338,45.6046,45.7795,48.2877,47.4585,48.6125,48.4144,51.447,54.541,55.8125,53.2358,53.3621,51.6274,49.4532,48.2003,47.8134,44.0784,41.554,40.0123,36.2276,35.5072,37.8047,36.9683,37.235,40.7113,39.7435,39.5874,37.131,38.8827,38.2972,41.6293,41.0624,38.2238,37.7592,35.7854,38.1813,38.1095,41.6113,43.2213,44.3477,47.9191,47.7286,46.8889,48.6549,47.1435,49.0753,48.2741,48.9037
17.0093,18.8987,17.4375,14.1066,12.9608,13.875,11.9563,8.66997,9.36641,10.2807,7.4298,5.33614,8.45641,8.31547,5.22886,3.76183,0.0,3.79128,6.4408,8.21229,6.19774,6.40761,9.80066,10.8579,9.82248,11.2514,13.8152,13.2564,14.8637,12.8097,14.4538,13.2739,9.57543,10.2819,12.0593,9.42405,7.879,11.6359,12.4631,10.4121,12.9952,11.1002,9.40796,11.1714,11.2302,12.7115,39.3252,35.7231,34.1934,30.8219,32.9906,33.9713,35.3302,37.2263,40.2214,42.0521,44.7439,44.2831,47.1103,47.5884,50.2478,52.7742,50.6607,48.1322,44.6641,43.5668,39.8753,37.4673,33.9352,31.4031,30.1969,26.7866,26.0608,27.636,29.291,32.9224,36.054,39.3019,42.8497,46.1843,48.5988,52.3425,53.8637,51.5719,53.5099,52.3042,52.5496,50.3691,47.4888,48.0924,48.0444,44.7138,43.394,44.9148,42.8972,39.5641,40.0285,40.7436,37.6443,34.9127,35.0676,36.8757,37.6982,38.5528,39.3153,40.2049,43.1855,44.6638,48.1465,49.4725,52.5506,50.7754,48.1994,50.0855,52.9968,53.8102,53.6152,49.8477,50.1585,51.6968,48.6364,46.1373,48.2666,48.2556,44.4722,43.7658,42.2921,42.9783,43.9997,33.3635,35.481,37.1154,34.2179,33.8331,37.572,37.5518,34.5159,36.6247,39.371,37.0264,36.5496,39.88,41.7829,39.6767,40.3751,43.9334,45.2211,43.9005,45.4435,48.7532,48.8996,46.6921,45.3394,43.608,42.2635,41.0002,39.1071,37.7906,36.439,34.7004,33.2532,31.8476,30.2415,28.7105,27.1014,26.2323,22.4365,20.6328,19.5979,16.4682,12.9761,12.6607,16.1413,18.7857,22.5779,25.143,26.308,22.9871,22.2737,25.804,25.4982,22.2473,23.8437,27.0622,25.615,24.08,27.3618,29.2586,27.1123,27.6902,31.4177,31.4596,30.4157,32.8814,35.8574,34.7026,35.2311,38.4055,39.8773,39.4624,40.8548,43.9793,45.0435,46.6684,47.1034,49.8113,49.2129,50.6046,50.6063,53.7127,56.681,58.0652,55.4366,55.3869,53.452,51.2331,49.7561,49.1606,45.4942,42.7512,41.171,37.4066,36.6884,38.999,38.252,38.7571,42.3001,41.4196,41.1286,38.7426,40.4409,39.8801,43.3259,42.706,40.0428,39.7423,37.6856,40.1687,40.0797,43.5375,45.1015,45.954,49.6143,49.5469,48.477,50.0096,48.2579,49.9764,48.9155,49.5269
17.201,19.6606,18.6937,15.1945,13.9343,15.727,14.2216,10.5587,11.5224,13.2976,10.7785,8.48658,11.6917,12.0273,8.90595,6.73997,3.79128,0.0,3.82476,5.33683,5.07915,6.3989,8.59103,9.90419,10.2635,11.8749,13.477,12.5837,13.2775,10.5293,12.3627,12.1731,8.45655,8.32154,11.0677,9.57015,7.42737,10.8443,12.7681,11.4182,13.8858,12.2132,9.42788,9.86754,8.77433,9.64856,36.3027,32.782,31.1744,27.6904,29.6824,30.5748,31.772,33.6194,36.5486,38.3488,41.0029,40.5369,43.3647,43.8545,46.5165,49.0226,46.8821,44.3498,40.8753,39.7939,36.1076,33.7349,30.216,27.7558,26.6306,23.2936,22.4032,23.8987,25.5281,29.1448,32.2906,35.5188,39.0725,42.3985,44.8173,48.5574,50.088,47.8118,49.783,48.6335,48.8725,46.6465,43.785,44.4601,44.4008,41.0309,39.7894,41.3804,39.3332,35.9806,36.567,37.3585,34.2182,31.4751,31.7516,33.478,34.4513,35.2323,35.8537,36.7303,39.6458,41.116,44.6299,45.8577,48.9278,47.1098,44.598,46.5738,49.45,50.3192,50.0486,46.2943,46.7196,48.2664,45.1845,42.7351,44.9842,44.9744,41.1868,40.5842,38.9856,39.7605,40.6873,29.8294,31.8306,33.5135,30.6323,30.1279,33.8554,33.9061,30.8442,32.8872,35.6883,33.43,32.9206,36.2071,38.1954,36.1894,36.8518,40.3662,41.7679,40.4575,41.9041,45.1659,45.2244,42.9761,41.6027,39.9345,38.5857,37.2549,35.3868,34.1401,32.7386,30.9499,29.5798,28.2009,26.507,24.9619,23.459,22.5768,18.7858,16.9899,16.2287,13.2494,9.68706,8.98381,12.3921,15.0393,18.8251,21.37,22.6246,19.3786,18.6254,22.2227,22.0935,18.9572,20.5673,23.875,22.6676,21.3317,24.557,26.5761,24.7706,25.4041,29.0509,29.3265,28.6117,30.9382,33.8791,33.0468,33.7348,36.7218,38.2574,38.1786,39.5252,42.5256,43.8749,45.6119,46.3348,49.1836,48.8676,50.4742,50.7596,54.0098,56.8847,58.2339,55.4521,55.1419,53.0446,50.6623,48.9377,48.1756,44.5812,41.7056,40.2973,36.5902,36.1339,38.6454,38.2257,39.0983,42.5834,41.5372,40.9213,38.429,39.8681,39.1212,42.5871,41.7542,39.2141,39.226,37.2718,39.9723,40.0982,43.5792,45.3037,45.9593,49.6735,49.5219,48.1851,49.4799,47.5028,48.9649,47.6577,48.0718
14.3952,17.2974,16.6133,13.2058,11.7336,14.2688,13.41,9.63606,10.7902,13.43,11.6448,9.46876,12.9003,14.0538,11.5572,9.13233,6.4408,3.82476,0.0,3.82369,5.3356,5.19739,5.97734,8.46249,9.68672,10.3685,11.1718,9.54973,9.69616,6.80102,8.58095,8.62478,5.06126,5.08425,8.2873,7.67304,6.4796,9.46649,11.6268,11.4533,14.3989,13.7017,10.739,10.2676,8.30761,9.73405,34.7314,31.1976,29.2323,25.6807,27.5132,28.7973,30.0728,32.2392,35.0581,37.1145,39.8036,39.5558,42.4491,42.9834,45.5468,48.0155,45.6568,43.0762,39.4835,38.2378,34.6369,32.0642,28.6917,26.0348,25.3149,21.8796,20.7467,22.6233,23.8174,27.4877,30.4004,33.8062,37.2753,40.7406,43.0681,46.8344,48.4113,46.2785,48.1076,46.8492,46.8533,44.6611,41.8959,42.3469,42.1034,38.8461,37.5242,38.8505,36.74,33.5033,33.9781,34.5059,31.3585,28.7514,29.0744,31.1049,32.1832,33.3032,34.1412,35.3731,38.3903,40.148,43.5897,44.7087,47.5964,45.5646,43.0724,45.1148,47.8207,48.4664,48.0663,44.3007,44.689,46.0002,42.8103,40.4925,42.635,42.3893,38.5861,38.1242,36.7564,37.7685,38.9566,29.3346,31.0056,33.0481,30.3841,29.468,33.1341,33.541,30.3789,32.0339,35.0488,33.0695,32.2171,35.2783,37.5402,35.6254,35.9129,39.3978,40.8457,39.2467,40.4563,43.616,43.661,41.5798,39.9348,38.22,37.1994,35.7997,33.632,32.5441,31.4573,29.3957,27.7984,26.8479,25.2989,23.2901,21.724,21.4383,17.7667,16.6222,16.3496,13.3552,10.2824,8.23356,11.6029,13.4003,17.2019,19.6422,20.3847,16.895,16.4476,19.8716,19.2378,16.0784,18.0715,21.1044,19.5209,18.4079,21.85,23.5252,21.6694,22.6883,26.2663,26.2707,25.7696,28.3143,31.0377,30.138,31.1265,34.1359,35.4296,35.4692,37.0495,39.8898,41.2625,43.2174,44.0897,47.0924,46.9409,48.7597,49.2054,52.4815,55.1923,56.7038,53.9345,53.4984,51.2131,48.893,47.025,46.0883,42.5798,39.526,37.9728,34.3131,33.7503,36.1846,35.8086,36.8769,40.3834,39.4492,38.763,36.4263,37.9025,37.3352,40.917,40.2217,37.9395,37.9259,35.768,38.4141,38.4083,41.7773,43.3861,43.7695,47.5366,47.546,46.0313,47.1315,44.9933,46.327,44.8793,45.3898
15.0243,17.7833,17.8356,14.1857,13.6572,16.3323,14.9427,11.4419,13.5187,15.7727,13.462,12.0779,15.7401,16.2198,13.2773,11.648,8.21229,5.33683,3.82369,0.0,3.80495,5.68148,5.22796,6.18814,8.42466,10.0744,10.2111,9.60787,9.58452,6.91606,9.96418,10.6427,7.46209,8.09322,11.5812,11.2433,10.2972,13.1643,15.4265,15.2078,18.0832,17.0479,13.9946,13.3924,10.951,11.208,35.8917,32.5314,30.4485,26.7319,28.1283,29.2595,30.0679,32.0182,34.5737,36.3877,38.8018,38.2582,40.925,41.1507,43.5326,46.2033,43.9692,41.6203,38.0444,37.1212,33.5805,31.2927,28.03,25.7393,25.3068,22.1793,20.4853,21.8776,22.8197,26.3148,29.1422,32.4098,35.7774,39.1449,41.7187,45.4069,47.222,45.2507,47.3068,46.3246,46.2267,43.7844,41.1973,41.893,41.435,38.0633,37.1022,38.463,36.0758,32.949,33.8399,34.274,30.9079,28.5505,29.3529,31.3667,32.8554,33.886,34.3851,35.5336,38.3076,39.899,43.4545,44.2832,47.2015,45.0625,42.8231,45.1262,47.7387,48.5426,47.8939,44.1825,44.894,46.1453,42.8489,40.7475,43.1265,42.7522,38.9461,38.8089,37.2735,38.5272,39.5271,28.9198,30.3397,32.2067,29.3333,28.216,31.7728,31.9287,28.5701,30.1832,33.0079,30.8318,29.7952,32.927,35.0084,32.8457,33.1088,36.6975,37.9101,36.2952,37.7213,41.0127,41.3021,39.3387,37.8809,35.9274,34.8112,33.7234,31.5672,30.1315,29.1496,27.4038,25.5744,24.3608,23.1684,21.4026,19.3917,18.9683,15.2906,14.4281,13.5909,10.2438,7.66185,6.04451,9.75912,11.7,15.409,18.38,19.0011,15.7908,15.9839,19.5717,18.9927,16.3725,18.7632,21.7404,20.3191,19.8503,23.2723,24.8437,23.4327,24.7599,28.1494,28.2081,28.1476,30.6653,33.2079,32.5192,33.778,36.6442,37.8378,38.1476,39.8121,42.4827,44.0162,46.1223,47.1781,50.2804,50.2779,52.2134,52.7621,56.0624,58.7062,60.2563,57.4612,56.9256,54.5466,52.1887,50.187,49.1268,45.6935,42.5378,41.017,37.4228,36.8971,39.3128,38.9898,40.1672,43.6864,42.8229,42.0692,39.7858,41.1904,40.597,44.1903,43.4084,41.2177,41.3517,39.2238,41.9188,41.9317,45.2588,46.8363,47.0693,50.8597,50.9353,49.2973,50.241,47.9556,49.1125,47.4695,47.9252
