0.0,3.79216,6.42492,10.1513,12.3685,13.3733,9.89732,8.30284,5.73882,5.31916,6.47523,6.15741,9.25186,12.735,13.3218,10.7146,12.0438,15.532,15.4012,14.6554,17.2503,19.6697,19.5788,20.4691,23.1322,24.556,24.3995,24.332,24.0093,25.4831,24.3042,22.3905,19.8232,18.3578,17.4713,15.985,13.832,12.689,11.9787,10.2484,7.85402,7.31955,4.84486,4.17495,5.5781,9.09339,8.91125,6.72572,9.2854,12.0143,11.2759,11.7466,14.8079,16.2051,16.2429,18.7272,22.1709,24.577,25.1907,25.2509,27.4565,24.8395,22.0897,24.5089,25.2789,21.628,21.5669,24.7257,23.3534,20.3086,22.8335,24.9636,22.3899,21.5019,25.2646,25.7225,22.9933,24.9758,28.1381,27.0477,25.2156,27.0989,25.7875,28.2057,27.075,27.8714,27.3341,24.2265,23.1033,20.1996,21.1976,20.8871,18.5902,20.6073,19.9045,18.9544,16.5845,14.7042,14.9768,13.5043,16.8351,18.3371,15.5916,14.0496,10.5585,12.2781,13.7312,10.6266,9.34551,12.9781,13.2844,10.3857,11.7474,15.3431,18.1182,18.5665,14.9655,14.8464,12.2312,11.9498,8.9974,11.3477,14.3394,13.4368,12.5917,16.0192,17.7215,16.4464,17.6673,20.8301,21.4167,20.6725,23.143,25.7827,25.4174,25.7294,28.8003,30.1848,29.9326,31.461,34.6501,37.0918,38.4436,38.7986,42.4563,42.8365,41.5598,44.8717,45.8955,47.9324,51.4887,50.5079,46.7577,45.6323,44.5744,41.2633,40.4085,41.3647,39.2254,36.2428,36.8246,37.4912,34.3206,32.2233,33.7929,33.4158,29.6698,29.3025,31.6971,45.3662,44.1285,43.2955,46.947,48.3177,46.4951,47.477,50.4821,54.0335,54.3798,51.1175,51.5993,54.9444,53.4288,50.5738,53.0168,55.1662,52.2116,52.6581,50.1593,47.014,46.2074,42.6657,40.9136,41.5469,45.2173,45.5037,43.9543,46.2035,49.1362,48.6766,47.6512
3.79216,0.0,3.81371,7.1519,9.69486,9.80562,6.18536,5.29506,4.39237,5.8972,8.71361,9.53034,12.3158,16.0061,16.4456,14.0864,15.7442,19.1354,18.8054,18.1951,20.9559,23.2468,22.9478,23.953,26.7399,27.9912,27.6423,27.6476,27.0471,28.3302,26.7855,24.8458,22.6188,20.7976,19.5275,18.5235,16.6004,14.755,13.9321,13.0198,10.5441,8.80594,5.32049,6.48018,7.01061,10.8237,11.2706,9.97048,12.2477,15.0075,14.7407,15.3576,18.1886,19.6597,19.9477,22.4014,25.8714,28.2133,28.6444,28.6124,30.6246,27.911,25.1928,27.3968,27.939,24.2112,24.0167,26.9201,25.3027,22.1293,24.4593,26.3456,23.4379,22.3956,26.0418,26.1925,23.1201,25.0438,28.1204,26.6179,24.5377,26.5051,25.0008,27.2095,25.7436,26.0832,25.5399,22.221,21.0044,18.2778,19.8126,19.6799,17.9798,20.5511,20.4245,19.9268,17.069,15.2269,16.393,14.9607,18.4769,19.3187,16.1103,14.5404,11.0225,11.5743,12.8733,10.0255,7.68986,10.8253,11.3491,8.12441,8.55071,12.3044,14.857,15.5898,12.2573,12.9469,10.8714,11.5636,9.41316,11.4673,14.5401,14.548,14.1031,17.0818,19.1311,18.5314,19.6276,22.5259,23.5858,23.155,25.3142,28.0278,28.0707,28.3387,31.1928,32.8093,32.8073,34.1565,37.4861,39.7247,40.8249,40.9708,44.6311,45.2506,43.9084,47.1676,48.1756,50.3897,53.9071,52.9338,49.1606,47.8525,46.5983,43.2736,42.6903,43.5881,41.2148,38.4033,39.1787,39.6097,36.2753,34.4785,36.0976,35.3946,31.6734,31.6196,33.8401,46.766,45.7947,45.0079,48.6001,50.0961,48.4982,49.459,52.5884,56.0457,56.3291,52.955,53.3508,56.5986,54.9735,52.0271,54.3915,56.4247,53.3431,53.6352,51.0111,47.7436,47.1252,43.5958,42.1339,42.7162,46.3369,46.8691,45.4976,47.6189,50.5796,50.3812,49.4043
6.42492,3.81371,0.0,3.8262,6.80743,7.91762,5.15381,5.56131,6.47741,6.93549,10.313,11.1302,12.9536,16.7467,16.5958,14.7141,17.1023,20.0905,19.4086,19.4211,22.4589,24.2426,23.851,25.3881,28.0961,28.9165,28.6157,29.0997,28.5549,29.3951,27.7121,25.3729,23.5457,21.8899,19.9975,18.9815,17.7758,15.7052,14.0605,13.6013,11.9483,9.28215,6.5921,9.15139,10.5889,14.3898,14.8888,13.1023,15.2327,18.2581,17.6837,17.8163,20.8845,22.558,22.4112,24.7157,28.2322,30.4854,30.9854,31.315,33.3259,30.4474,27.972,30.4151,30.7864,27.037,27.1914,30.046,28.199,25.2251,27.7633,29.4196,26.3637,25.6167,29.2542,29.098,26.0383,28.1756,31.0631,29.2707,27.3108,29.5055,28.0818,30.2535,28.6916,28.6799,28.057,24.5605,23.3941,20.9012,22.7872,22.6568,21.2365,23.9257,23.8119,23.5573,20.7146,18.6788,19.9252,18.7077,22.2546,23.1181,19.8705,18.23,14.6602,14.8288,16.2532,13.5992,10.8862,13.5005,14.0952,10.6328,10.075,13.7806,15.6147,16.5098,13.647,15.1303,13.0937,14.5593,12.3741,13.5999,17.0268,17.462,16.4908,19.1733,21.6909,21.0613,21.5949,24.6339,25.9892,25.2273,27.0692,30.0846,30.1406,29.9743,32.8519,34.752,34.5728,35.5935,38.8841,40.9453,42.0198,41.8585,45.5862,46.2024,44.5744,47.6606,48.4045,50.6468,54.0412,52.8663,49.1061,47.528,46.2737,42.8338,42.5129,43.618,41.1165,38.3359,39.4724,39.9461,36.496,34.8819,36.8354,36.0698,32.3262,32.6579,35.0362,46.9394,46.1796,45.1503,48.6364,50.3973,48.8735,49.5713,52.6912,56.0835,56.1184,52.6727,53.2255,56.3395,54.4839,51.6161,54.092,55.8996,52.6821,53.0722,50.5332,47.1359,46.4205,42.818,41.4785,41.7579,45.3901,46.2054,44.7769,46.6382,49.7462,49.7516,48.6011
10.1513,7.1519,3.8262,0.0,3.82334,5.01799,4.21873,6.01652,8.62104,9.38657,13.0814,14.4282,15.8495,19.6181,19.3757,17.9338,20.5146,23.3231,22.6095,22.9335,26.0081,27.5904,27.2097,28.9552,31.6025,32.2468,31.9739,32.6506,32.0828,32.7186,30.8968,28.4173,26.8579,25.1905,22.9946,22.1244,21.245,18.9828,17.0859,16.9606,15.5817,12.6005,10.1213,12.911,14.0765,17.8694,18.3903,16.8356,19.0226,22.0025,21.4104,21.6154,24.7102,26.336,26.1227,28.4751,31.9646,34.2471,34.7774,35.1405,37.1351,34.2224,31.7788,34.1878,34.4931,30.7272,30.8534,33.6163,31.6701,28.6758,31.116,32.6474,29.4487,28.6426,32.1725,31.832,28.6148,30.6764,33.462,31.3962,29.2986,31.5007,29.9227,31.8317,29.8087,29.312,28.5333,24.8791,23.8622,21.7902,24.1625,24.2926,23.3985,26.3947,26.6499,26.5903,23.5218,21.6257,23.2367,21.9614,25.4951,26.0049,22.5546,20.7677,17.2556,16.6907,18.1859,16.0195,12.8169,14.6893,15.6321,12.3802,10.6578,13.9936,15.1911,16.4934,14.3563,16.6407,15.2125,17.2284,15.544,16.4932,19.848,20.7227,19.875,22.269,24.9632,24.5927,24.9786,27.9076,29.4907,28.7753,30.4196,33.5162,33.7149,33.4197,36.2144,38.2663,38.1142,38.973,42.2783,44.2032,45.1745,44.8135,48.5507,49.2558,47.4891,50.4627,51.0698,53.3771,56.6811,55.4028,51.6595,49.8785,48.5643,45.0768,44.9971,46.1877,43.5515,40.8704,42.2459,42.6527,39.1125,37.7081,39.8101,38.8993,35.1901,35.7864,38.1391,49.21,48.6776,47.563,50.9499,52.8845,51.4998,52.0584,55.2081,58.5154,58.393,54.879,55.4765,58.4624,56.4412,53.5905,56.0752,57.6965,54.3593,54.7225,52.1783,48.6709,48.0082,44.4018,43.2844,43.3633,46.9478,48.035,46.662,48.2988,51.4874,51.7233,50.4939
12.3685,9.69486,6.80743,3.82334,0.0,5.03185,6.18791,6.66685,9.49515,9.87111,13.5194,15.5568,16.5623,20.196,20.2565,19.4546,21.9364,24.6109,24.2955,25.0063,27.8425,29.3545,29.3826,31.2493,33.6094,34.3208,34.3998,35.1896,34.9263,35.6114,34.0144,31.3916,29.7181,28.3394,26.1692,24.9523,24.1552,22.2186,20.0967,19.5555,18.4711,15.7705,13.3933,15.7597,16.6653,20.4582,20.4104,18.9602,21.6022,24.2822,23.2787,23.7836,27.0812,28.3266,27.8503,30.4778,33.7906,36.3239,37.1758,37.5006,39.7405,36.9907,34.4038,36.8439,37.4238,33.6974,33.6647,36.5929,34.8651,31.7662,34.0885,35.8447,32.753,31.7208,35.2459,35.1154,31.8231,33.653,36.5781,34.5982,32.2834,34.2405,32.3644,33.9739,31.1184,30.3544,29.1252,25.3611,24.8778,23.2797,25.966,26.5804,25.8939,29.0253,29.4983,29.1492,25.9416,24.4301,25.9626,24.2663,27.5979,27.9377,24.3982,22.1335,18.5673,17.6438,19.7053,18.079,14.5614,16.2857,17.9466,15.1121,12.9048,16.0365,17.2873,19.0328,17.2117,19.629,18.5467,20.3346,18.7405,20.0513,23.3198,23.9722,23.2518,25.8421,28.3763,27.8409,28.3885,31.4078,32.79,31.9928,33.8121,36.8764,36.8694,36.602,39.5337,41.4649,41.1421,42.0961,45.2968,47.3394,48.4703,48.1519,51.9129,52.476,50.6492,53.5883,54.0728,56.2559,59.5175,58.0888,54.3759,52.5522,51.4028,47.8382,47.7293,49.1124,46.5661,43.7777,45.2203,45.8144,42.3156,40.802,43.012,42.264,38.5245,39.0574,41.5436,52.669,52.1074,50.8702,54.2376,56.2315,54.758,55.2018,58.2663,61.6001,61.3653,57.879,58.626,61.587,59.4799,56.7309,59.3177,60.8566,57.4929,57.9775,55.5256,51.9913,51.2105,47.5604,46.395,46.2852,49.8977,51.0601,49.542,51.0469,54.3366,54.5628,53.1525
13.3733,9.80562,7.91762,5.01799,5.03185,0.0,3.8017,6.23953,9.98902,12.0307,15.8257,17.924,19.7662,23.5387,23.7855,22.3486,24.5558,27.6033,27.186,27.2778,30.1851,32.0601,31.7668,33.2484,35.9466,36.8274,36.5105,36.925,36.2215,37.0599,35.136,32.8867,31.2541,29.3215,27.3146,26.6766,25.4701,23.0633,21.5974,21.4849,19.6234,16.82,13.7591,16.097,16.2106,19.8083,20.3475,19.6433,21.9773,24.612,24.3316,25.1071,27.9932,29.3471,29.5132,32.0985,35.5147,37.9412,38.4183,38.4089,40.3552,37.5683,34.9063,36.9618,37.3299,33.5691,33.2504,35.8678,34.0108,30.7754,32.7699,34.3112,31.0449,29.7967,33.0824,32.7595,29.2578,30.8863,33.6732,31.4573,28.9526,30.8548,28.882,30.2771,27.4548,26.3971,25.417,21.6769,20.8962,19.4485,22.3832,23.0487,22.9242,26.3308,27.2906,27.3526,23.913,22.5349,24.7143,23.1781,26.561,26.3462,22.6471,20.7501,17.5905,15.9458,17.3279,16.0682,12.4589,13.1308,14.69,12.2702,9.24325,11.7514,12.5976,14.6039,13.3609,16.2589,15.9983,18.2038,17.5035,18.7091,21.5529,22.7661,22.6615,24.8689,27.3558,27.4839,28.2295,30.8149,32.4675,32.2229,33.9012,36.7905,37.2403,37.2492,39.8795,41.8603,41.9926,42.9844,46.3968,48.3175,49.1331,48.8247,52.5065,53.391,51.7617,54.7946,55.5392,57.947,61.2845,60.1114,56.354,54.5854,53.1433,49.7133,49.6892,50.7366,48.0135,45.4452,46.7509,46.9723,43.3969,42.1015,44.0294,42.9288,39.2743,39.8364,41.9504,53.001,52.5798,51.6563,55.0368,56.9141,55.676,56.3677,59.6088,62.8693,62.8279,59.2735,59.7165,62.6792,60.6906,57.7344,60.076,61.7007,58.3335,58.4942,55.7972,52.2667,51.8482,48.3242,47.4194,47.5978,51.1026,52.263,51.0732,52.7103,55.8387,56.1927,55.0808
9.89732,6.18536,5.15381,4.21873,6.18791,3.8017,0.0,3.7955,7.08768,9.50731,13.1967,14.9749,17.2382,21.0369,21.3655,19.5241,21.5276,24.7459,24.3251,24.0816,26.9587,29.0282,28.6628,29.9176,32.7107,33.7394,33.3296,33.5374,32.776,33.787,31.9194,29.8448,28.0302,26.0172,24.2705,23.6375,22.1327,19.7865,18.641,18.3936,16.2069,13.6412,10.3019,12.4018,12.4262,16.0352,16.7016,16.0045,18.2281,20.8858,20.7711,21.5421,24.311,25.7286,26.0631,28.5833,32.0324,34.3983,34.7787,34.6994,36.5996,33.8286,31.1433,33.1667,33.5404,29.7847,29.4534,32.0962,30.2825,27.0369,29.0817,30.6912,27.4909,26.2659,29.645,29.4369,26.0122,27.7261,30.6085,28.5772,26.1636,28.112,26.2771,27.9651,25.6655,25.0989,24.3505,20.7159,19.6445,17.635,20.1494,20.5197,19.9362,23.1668,23.8652,23.8417,20.5115,18.982,21.0141,19.5509,23.0122,23.0251,19.4119,17.6894,14.445,13.2968,14.5243,12.7575,9.32003,10.6676,11.8907,9.0657,6.75791,10.0748,11.7219,13.3043,11.1736,13.5113,12.7912,14.7085,13.7903,15.2189,18.085,19.0761,19.003,21.367,23.7243,23.7714,24.6626,27.2612,28.7862,28.5958,30.3966,33.1963,33.6078,33.755,36.3978,38.269,38.4485,39.565,42.9915,44.9956,45.8469,45.6988,49.3605,50.2155,48.7255,51.8598,52.7508,55.1353,58.5551,57.504,53.7288,52.1357,50.7022,47.3312,47.1225,48.0514,45.4146,42.7988,43.8923,44.1137,40.6024,39.1733,40.9404,39.9059,36.2391,36.5986,38.6759,50.3964,49.8011,48.9875,52.4534,54.171,52.8468,53.6857,56.9243,60.2458,60.362,56.8565,57.2231,60.2959,58.4631,55.4652,57.7715,59.569,56.3026,56.4503,53.7271,50.2876,49.8631,46.3514,45.2874,45.6727,49.2101,50.1383,48.9426,50.7892,53.8305,54.0045,52.9989
8.30284,5.29506,5.56131,6.01652,6.66685,6.23953,3.7955,0.0,3.78888,6.49264,10.0822,12.4847,14.8826,18.5826,19.4786,17.8824,19.4603,22.7809,22.9052,22.7211,25.2361,27.5015,27.5973,28.7132,31.248,32.5827,32.5261,32.6111,32.2013,33.5095,32.0298,29.973,27.759,26.0594,24.6698,23.5423,21.7758,19.9952,18.8845,17.8689,15.7164,13.852,10.494,11.6222,11.2554,14.8334,14.6679,14.0904,16.903,19.124,18.5765,19.7974,22.728,23.6643,23.8478,26.6952,29.9477,32.6001,33.3094,33.0775,35.2743,32.7634,29.84,31.8714,32.6619,28.9862,28.4162,31.3388,29.925,26.5485,28.4836,30.516,27.6128,26.1148,29.5754,29.8454,26.4851,27.9416,31.1163,29.4971,26.9382,28.5372,26.464,28.0459,25.1603,24.8303,23.681,20.0486,19.4851,17.5704,19.9581,20.7126,19.8309,22.9308,23.5678,22.9418,19.6189,18.5288,20.1179,18.0848,21.2912,21.3809,17.7948,15.5034,12.0145,11.043,13.125,11.6178,8.05396,10.2066,12.1994,9.81261,8.17329,11.6373,14.1149,15.7754,13.2678,14.8798,14.0319,15.0228,13.8259,16.0414,18.7825,19.0417,19.1125,21.9702,23.8986,23.5324,24.8205,27.5808,28.621,28.3515,30.5614,33.1971,33.2469,33.6064,36.4628,38.0164,38.0101,39.4241,42.723,45.0003,46.1192,46.2377,49.9049,50.5275,49.1379,52.3592,53.2791,55.4716,58.9466,57.8588,54.0955,52.6739,51.463,48.0633,47.5773,48.606,46.1961,43.3735,44.2822,44.7558,41.3802,39.6292,41.3383,40.615,36.8905,36.9017,39.1227,51.7659,50.9097,50.0713,53.6213,55.2135,53.6601,54.5373,57.6628,61.0994,61.2731,57.8636,58.3268,61.5092,59.7629,56.8413,59.2364,61.1464,57.9707,58.2584,55.6218,52.2598,51.6733,48.1169,46.7892,47.1901,50.8094,51.5436,50.1516,52.0975,55.1612,55.0946,53.9923
5.73882,4.39237,6.47741,8.62104,9.49515,9.98902,7.08768,3.78888,0.0,3.79716,6.75046,9.23029,12.0634,15.6126,16.9302,15.2136,16.2915,19.7611,20.239,19.8614,22.0811,24.5777,24.9234,25.7962,28.1995,29.806,29.9199,29.8094,29.6121,31.194,30.0309,28.1066,25.5504,24.0663,23.1027,21.6521,19.5683,18.3063,17.4497,15.8206,13.5845,12.5626,9.39079,9.37094,8.76399,12.1865,11.3871,10.7584,13.9193,15.8256,15.0092,16.4943,19.4624,20.1234,20.2686,23.2617,26.4023,29.1797,30.0464,29.7169,32.0798,29.7466,26.6938,28.7527,29.813,26.2233,25.5572,28.6863,27.5674,24.1786,26.1241,28.4525,25.8393,24.2806,27.8386,28.4731,25.3132,26.7087,30.0618,28.8505,26.3842,27.8236,25.8113,27.5647,24.8826,25.083,23.9296,20.5168,20.0334,17.8283,19.6623,20.3266,18.861,21.5791,21.8537,20.7508,17.6687,16.7155,17.7141,15.4017,18.4489,18.9197,15.5629,13.0762,9.34782,9.39865,11.8684,10.0604,7.1644,10.3604,12.2269,10.0188,9.7297,13.2561,16.27,17.5764,14.5293,15.221,13.8963,13.9644,12.3045,15.0713,17.6773,17.2063,17.2824,20.5244,22.0552,21.2782,22.8636,25.7354,26.342,25.9928,28.5213,30.9875,30.7415,31.2879,34.2825,35.5599,35.4288,37.0857,40.2787,42.7643,44.0807,44.4524,48.0937,48.5346,47.2832,50.5933,51.5999,53.6433,57.1814,56.1415,52.3945,51.1881,50.1321,46.77,46.0051,47.0263,44.8302,41.8677,42.5326,43.1735,39.9523,37.9284,39.5042,39.0399,35.3053,34.9761,37.2701,50.7717,49.6535,48.8507,52.4783,53.8995,52.1531,53.122,56.1539,59.6827,59.9747,56.6707,57.1575,60.4549,58.8555,55.9794,58.4064,60.4715,57.4259,57.8047,55.2335,51.9922,51.2894,47.7338,46.152,46.6713,50.3352,50.8092,49.2934,51.4076,54.4177,54.0949,52.9972
5.31916,5.8972,6.93549,9.38657,9.87111,12.0307,9.50731,6.49264,3.79716,0.0,3.81343,6.4006,8.58103,12.1727,13.4732,12.2411,13.5122,16.7323,17.3742,17.5221,19.6621,21.879,22.538,23.7269,25.8316,27.3235,27.786,27.9823,28.1827,29.6428,28.7867,26.5781,23.9606,22.9944,21.9499,19.9727,18.2252,17.4819,16.1069,13.9686,12.5232,11.8029,9.55757,9.46163,9.96905,13.2865,11.9438,10.2996,13.6714,15.611,13.9787,15.0954,18.4872,19.0689,18.525,21.5456,24.6063,27.4699,28.6722,28.6798,31.29,28.987,26.0522,28.4786,29.6926,26.177,25.8412,29.1944,28.1728,25.0092,27.2572,29.6809,27.25,25.9901,29.6743,30.3909,27.4904,29.0896,32.4355,31.3786,29.164,30.6977,28.8756,30.801,28.2978,28.6682,27.4336,24.075,23.7187,21.4742,23.0939,23.5977,21.7741,24.1516,23.9531,22.6029,19.9067,18.7645,19.1081,16.8595,19.7517,20.8119,17.8136,15.2567,11.4931,12.3647,15.0213,12.9717,10.6276,14.0469,15.6564,13.1822,13.2147,16.8648,19.7217,20.8857,17.7071,18.2603,16.3678,16.2603,13.8696,16.4357,19.33,18.4347,17.8622,21.3218,22.8913,21.515,22.8514,26.0649,26.4343,25.5683,28.1867,30.7861,30.1361,30.4276,33.6638,34.8927,34.3631,35.9817,38.9818,41.5656,43.1408,43.5114,47.2007,47.377,45.9804,49.2143,50.0271,51.8845,55.366,54.1441,50.4368,49.2176,48.3958,44.9497,44.0881,45.3554,43.3215,40.1878,40.9276,41.8691,38.7347,36.5244,38.306,38.1425,34.3621,33.9904,36.5819,50.1131,48.8757,47.8388,51.45,52.9422,51.0087,51.7941,54.6786,58.2622,58.4222,55.1859,55.8967,59.1953,57.5287,54.8153,57.4171,59.429,56.4084,57.0283,54.6497,51.4292,50.4567,46.8263,45.0344,45.3621,49.0925,49.5325,47.7715,49.8091,52.9152,52.4693,51.1637
6.47523,8.71361,10.313,13.0814,13.5194,15.8257,13.1967,10.0822,6.75046,3.81343,0.0,3.80351,6.16144,9.2306,11.3329,10.3231,10.7226,13.9761,15.2832,15.3918,16.9706,19.3773,20.5202,21.4693,23.2378,25.0459,25.8528,25.893,26.48,28.2134,27.8207,25.7389,22.7758,22.2349,21.6838,19.2795,17.3349,17.3845,16.2431,13.3869,12.2541,12.6576,11.1315,9.8786,10.3033,12.861,10.6361,8.7782,12.3945,13.6892,11.368,12.7633,16.2333,16.2979,15.4196,18.6691,21.4684,24.5442,26.0755,26.0288,28.9032,26.8868,23.8556,26.3461,27.928,24.6186,24.2195,27.7825,27.1604,24.1054,26.3189,29.0294,27.0023,25.731,29.4097,30.4979,27.8824,29.365,32.8106,32.1696,30.0778,31.4066,29.6535,31.6453,29.2549,30.0221,28.7362,25.6242,25.4263,23.1091,24.2802,24.7568,22.5321,24.4542,23.9055,22.0643,19.7908,18.8912,18.4975,16.0497,18.4817,19.9766,17.4633,14.8291,11.3282,13.099,15.8783,13.8942,12.4003,16.0384,17.5372,15.4086,16.0886,19.6113,22.7254,23.7094,20.3141,20.2687,18.1624,17.3174,14.679,17.4983,20.1069,18.5017,17.8794,21.5781,22.6686,20.7969,22.3713,25.6543,25.4863,24.4519,27.3875,29.7615,28.6988,29.1514,32.5413,33.4225,32.6656,34.5414,37.3397,40.1591,41.9933,42.6331,46.2708,46.1973,44.9292,48.215,49.0686,50.7124,54.226,53.0147,49.3576,48.3663,47.7677,44.3679,43.2031,44.5138,42.7576,39.472,39.9655,41.144,38.2253,35.7154,37.3784,37.5559,33.811,33.0703,35.7637,50.0325,48.5248,47.487,51.1429,52.4682,50.3153,51.1497,53.8875,57.5558,57.8042,54.7069,55.4854,58.8775,57.3488,54.7306,57.3815,59.5182,56.6431,57.3901,55.1225,52.0398,50.9193,47.3066,45.2531,45.6478,49.4002,49.5848,47.6655,49.8289,52.883,52.1655,50.823
6.15741,9.53034,11.1302,14.4282,15.5568,17.924,14.9749,12.4847,9.23029,6.4006,3.80351,0.0,3.81427,6.85358,8.48226,6.76362,7.18392,10.5992,11.642,11.6001,13.3601,15.7353,16.7329,17.7312,19.5919,21.314,22.0538,22.1583,22.7989,24.4773,24.2057,22.1126,19.0823,18.7642,18.3551,15.745,13.8326,14.3214,13.228,10.0177,9.30857,10.4499,9.9663,8.31663,9.71512,11.8534,9.90006,6.93969,10.0263,11.6253,9.03556,9.56268,13.2484,13.7366,12.5367,15.4677,18.4731,21.3353,22.7924,23.0738,25.9045,23.7405,20.9382,23.7253,25.1682,21.8932,21.9332,25.5205,24.8055,22.061,24.6165,27.1982,25.2869,24.4599,28.2023,29.201,26.9137,28.7115,32.0046,31.4667,29.7745,31.3356,30.0023,32.3569,30.8615,31.943,31.0175,28.0508,27.4745,24.7841,25.5302,25.4781,22.8363,24.321,23.194,21.4354,19.669,18.2969,17.3852,15.5004,17.9681,20.101,18.0233,16.0056,12.7568,15.2193,17.4071,14.831,14.0188,17.8083,18.581,16.1818,17.5208,21.0752,24.0623,24.6284,21.0097,20.5832,17.9144,16.8828,13.7099,16.1395,18.7993,16.8901,15.6834,19.3957,20.479,18.1893,19.4947,22.9445,22.6499,21.2646,24.1886,26.6328,25.3818,25.6581,29.134,30.0294,29.1072,30.9187,33.6573,36.4819,38.3942,39.0477,42.6846,42.5186,41.2317,44.5087,45.3548,46.9543,50.4751,49.2864,45.6366,44.7185,44.164,40.7993,39.5362,40.835,39.1667,35.8399,36.2602,37.516,34.6766,32.0694,33.7367,34.05,30.3203,29.5059,32.3036,46.679,45.0667,43.9883,47.649,48.9314,46.6979,47.5238,50.2121,53.9014,54.1792,51.1312,51.9313,55.354,53.8866,51.3107,53.9839,56.1726,53.3765,54.1939,52.0052,49.0084,47.792,44.1999,42.0054,42.4567,46.2056,46.2456,44.2729,46.52,49.5206,48.683,47.3673
9.25186,12.3158,12.9536,15.8495,16.5623,19.7662,17.2382,14.8826,12.0634,8.58103,6.16144,3.81427,0.0,3.81127,5.17612,5.08404,6.19578,8.57946,9.81468,10.9809,12.5831,14.2027,15.6408,17.2423,18.5887,19.9636,21.184,21.8383,22.9561,24.3004,24.3431,21.8697,19.0018,19.3564,18.6931,15.5918,14.468,15.429,13.6392,10.2432,10.9276,11.9471,12.339,11.3438,13.3232,15.4026,13.4835,10.3045,12.8736,14.4164,11.3795,11.1465,14.9282,15.3674,13.268,15.9156,18.6595,21.4733,23.2973,24.0632,27.0503,24.9345,22.4494,25.5443,27.0154,23.9179,24.3438,27.9604,27.2623,24.8294,27.5738,30.0808,28.2722,27.7256,31.4724,32.4064,30.2808,32.2263,35.4357,34.8868,33.348,35.0116,33.7677,36.1617,34.6202,35.6306,34.5888,31.5455,31.083,28.4706,29.3159,29.2542,26.5998,28.0151,26.7194,24.9591,23.3731,21.8937,20.7873,19.0767,21.3778,23.6942,21.7624,19.6863,16.4621,18.8064,21.156,18.6109,17.5972,21.358,22.1909,19.5826,20.6732,24.3412,27.1422,27.7531,24.2019,23.9964,21.1692,20.3707,17.009,19.0231,21.8802,19.9909,18.2952,21.8778,23.1132,20.4998,21.349,24.9834,24.612,22.7177,25.5091,28.0996,26.5142,26.3858,30.0193,30.9386,29.5773,31.2066,33.682,36.5144,38.6579,39.2087,42.8729,42.4426,40.9331,44.0497,44.608,46.0071,49.4114,47.9735,44.3902,43.3852,43.0898,39.6267,38.3417,39.9611,38.4463,34.9783,35.5816,37.1581,34.4134,31.7005,33.6618,34.2602,30.5444,29.8206,32.9103,46.8217,45.1729,43.8031,47.3843,48.8052,46.4256,46.9813,49.4972,53.202,53.2702,50.2877,51.3568,54.7209,53.1268,50.7528,53.6133,55.6704,52.8758,53.9489,51.9823,48.9905,47.5,43.8475,41.5017,41.6665,45.452,45.5386,43.3123,45.3871,48.5089,47.6075,46.0295
12.735,16.0061,16.7467,19.6181,20.196,23.5387,21.0369,18.5826,15.6126,12.1727,9.2306,6.85358,3.81127,0.0,3.80266,5.44162,4.97571,6.01551,8.40724,10.0848,10.6782,11.9822,14.2171,15.762,16.3877,17.9095,19.7206,20.4485,22.1557,23.583,24.2181,21.8188,18.8068,19.8435,19.5959,16.1257,15.2167,16.9969,15.3724,11.7265,13.0438,14.7222,15.6265,14.2463,16.1258,17.5802,15.3381,12.2572,14.3863,15.2725,11.7873,11.3016,14.811,14.7569,11.9051,14.386,16.5979,19.4905,21.7815,22.7491,25.9727,24.1904,21.8705,25.0827,26.8287,24.0897,24.6425,28.3245,27.9691,25.8384,28.5594,31.1803,29.7619,29.3386,32.9956,34.151,32.3326,34.22,37.4113,37.1579,35.7824,37.3266,36.188,38.6215,37.1934,38.4264,37.3453,34.4554,34.1043,31.4875,32.0845,31.9901,29.1276,30.1917,28.6192,26.5876,25.4197,24.0899,22.4624,20.8096,22.6287,25.2535,23.7806,21.7811,18.8988,21.5512,23.9065,21.4699,20.8277,24.6103,25.3974,22.9643,24.2716,27.881,30.7705,31.3008,27.6772,27.206,24.2901,23.1545,19.7455,21.7128,24.3251,22.0424,20.2358,23.7734,24.6505,21.6401,22.4656,26.0782,25.2429,23.0599,25.9738,28.3461,26.2939,26.1416,29.8865,30.4793,28.7424,30.5011,32.6277,35.6425,38.09,38.839,42.4196,41.6618,40.2016,43.269,43.7501,44.8586,48.2206,46.711,43.232,42.4239,42.439,39.0289,37.4607,39.2199,38.0476,34.4387,34.8631,36.7624,34.3039,31.3222,33.2449,34.2595,30.663,29.6475,32.8777,47.0676,45.1836,43.7229,47.2752,48.5815,45.9727,46.4673,48.7607,52.5189,52.5914,49.7853,51.0033,54.4035,52.9026,50.7067,53.6513,55.7569,53.1165,54.3798,52.6038,49.7636,48.0681,44.4557,41.8574,41.984,45.7509,45.6206,43.1887,45.2952,48.3757,47.2106,45.5233
13.3218,16.4456,16.5958,19.3757,20.2565,23.7855,21.3655,19.4786,16.9302,13.4732,11.3329,8.48226,5.17612,3.80266,0.0,3.81605,5.52168,5.32259,6.05235,8.7542,10.1808,10.5058,12.2112,14.5374,15.3246,16.0858,17.7362,19.0665,20.6879,21.5617,22.0522,19.2749,16.6646,17.9455,17.2255,13.6335,13.5369,15.2974,13.1261,9.78181,12.0788,13.4398,15.1351,14.41,17.0307,18.6759,17.1048,13.5768,15.0835,16.6341,13.5452,12.0309,15.4877,16.2411,13.3498,15.0272,17.5017,19.8361,21.8266,23.3431,26.2857,24.1459,22.2928,25.7658,27.0592,24.2724,25.3719,28.8774,28.1284,26.2905,29.3464,31.6082,30.0174,30.0372,33.7353,34.5243,32.8133,35.0577,38.0316,37.5584,36.4514,38.3325,37.4681,40.1208,39.1875,40.3604,39.4981,36.5099,35.8646,33.0702,33.6939,33.2748,30.3799,31.4295,29.6499,28.0088,26.9224,25.1063,23.5801,22.4421,24.5784,27.347,25.8157,24.1209,21.1043,23.6999,25.7799,22.9664,22.2378,26.0076,26.4336,23.6172,24.9377,28.6149,31.1844,31.5305,27.9442,27.6233,24.4215,23.6753,20.0336,21.3801,24.2491,22.2563,19.8832,23.1386,24.4224,21.3672,21.5449,25.2867,24.7648,22.203,24.7212,27.4108,25.4128,24.7299,28.4738,29.4114,27.5162,28.8545,30.9667,33.7569,36.1587,36.6147,40.2561,39.4978,37.7746,40.6992,40.9736,42.1306,45.4132,43.7706,40.2757,39.268,39.2679,35.7744,34.3747,36.2795,35.0191,31.4119,32.1116,34.0577,31.5276,28.6602,30.8779,31.873,28.2692,27.5792,30.9722,44.3407,42.5751,40.9136,44.3918,45.8848,43.3139,43.6063,45.8963,49.6139,49.5189,46.662,47.992,51.3126,49.674,47.5403,50.5715,52.5489,49.852,51.2136,49.535,46.659,44.8455,41.1977,38.5978,38.554,42.3318,42.3127,39.8154,41.7995,44.9561,43.8784,42.0928
10.7146,14.0864,14.7141,17.9338,19.4546,22.3486,19.5241,17.8824,15.2136,12.2411,10.3231,6.76362,5.08404,5.44162,3.81605,0.0,3.81642,5.5138,5.1466,6.3631,8.77254,9.96464,10.7859,12.7319,14.3945,15.3725,16.3006,17.203,18.2716,19.3537,19.4632,16.9065,14.0808,14.8113,14.2351,10.8501,10.1305,11.7599,10.001,6.36513,8.35822,10.1734,12.0412,11.0282,13.8214,15.3045,14.1657,10.4529,11.5453,13.4865,10.8433,8.92595,12.4602,13.7984,11.4925,13.0799,16.1334,18.3066,19.7865,21.141,23.844,21.4223,19.4824,22.9154,23.9678,20.9737,22.1096,25.5416,24.5901,22.7002,25.8399,27.9838,26.284,26.3877,30.0988,30.779,29.0912,31.4302,34.3314,33.8301,32.8263,34.7996,34.0984,36.8873,36.4452,37.7443,37.165,34.2723,33.3321,30.332,30.7461,30.0628,27.0684,28.0063,26.1105,24.6623,23.6597,21.6202,20.1151,19.2786,21.6127,24.4545,22.964,21.6461,18.7285,21.4978,23.1609,20.0944,19.6997,23.4453,23.4788,20.6645,22.361,25.9303,28.4871,28.5987,24.9293,24.3533,21.0302,20.1863,16.4891,17.7226,20.511,18.5077,16.0701,19.3329,20.6343,17.6505,17.875,21.6189,21.2304,18.8309,21.3873,24.1235,22.3892,21.864,25.5454,26.6075,25.054,26.4494,28.883,31.6242,33.7957,34.2774,37.947,37.4591,35.8844,38.9763,39.5271,40.9401,44.3603,42.9775,39.3764,38.4264,38.1116,34.6962,33.3375,34.9037,33.4391,29.9519,30.5027,32.1224,29.4449,26.6647,28.6697,29.3841,25.7027,24.9826,28.2004,42.0045,40.2714,38.8535,42.4302,43.8209,41.3886,41.9328,44.4279,48.1415,48.2498,45.2973,46.358,49.7495,48.2268,45.8755,48.7398,50.8562,48.1504,49.2763,47.3902,44.5074,42.9285,39.3197,36.8287,37.0925,40.8573,40.7708,38.5238,40.7196,43.7548,42.739,41.2421
12.0438,15.7442,17.1023,20.5146,21.9364,24.5558,21.5276,19.4603,16.2915,13.5122,10.7226,7.18392,6.19578,4.97571,5.52168,3.81642,0.0,3.78861,5.59918,5.60647,6.46114,8.70931,10.384,11.3607,12.6343,14.4779,15.7613,16.0197,17.4686,19.1887,19.8282,17.8239,14.4942,15.4395,15.7948,12.4346,10.964,13.2799,12.4885,8.70696,9.88604,12.5787,14.0406,12.0314,14.0514,14.7325,12.9704,9.65549,10.6715,11.5609,8.38896,6.7978,10.1685,10.7211,7.99236,10.0009,12.7961,15.3768,17.247,18.299,21.3229,19.332,17.1223,20.4636,22.0041,19.2819,20.1179,23.7166,23.2981,21.4335,24.3196,26.7883,25.5367,25.4378,29.0327,30.143,28.6626,30.7089,33.7194,33.6366,32.6195,34.2711,33.536,36.2626,35.8086,37.4014,36.7799,34.1275,33.3385,30.3615,30.4461,29.8492,26.6576,27.2451,25.2116,23.3172,22.6665,21.0372,18.9963,17.9593,19.7304,22.7879,21.7582,20.4845,17.993,21.1478,22.8104,19.9969,20.1254,23.8882,23.9845,21.6329,23.6436,27.058,29.9231,30.0111,26.2358,25.2127,22.0291,20.5364,17.0245,18.6987,20.9592,18.3723,16.3586,19.7616,20.3579,17.1094,17.9101,21.4535,20.4183,18.1691,21.1722,23.4229,21.3347,21.3114,25.039,25.5663,23.9587,25.8355,28.1002,31.1517,33.5185,34.4194,37.9612,37.3078,36.0554,39.2777,40.0428,41.2764,44.7754,43.5533,40.0154,39.4179,39.2483,35.9953,34.2809,35.7007,34.5289,30.9916,31.0948,32.814,30.4115,27.3588,28.9783,29.9601,26.4025,25.1363,28.2414,43.0466,41.037,39.8111,43.4443,44.538,41.947,42.7043,45.0908,48.8688,49.2,46.4057,47.386,50.8895,49.6098,47.2788,50.0637,52.3741,49.8526,50.9598,49.0826,46.3733,44.8171,41.3117,38.6641,39.155,42.8651,42.4743,40.2183,42.6156,45.4896,44.209,42.8251
15.532,19.1354,20.0905,23.3231,24.6109,27.6033,24.7459,22.7809,19.7611,16.7323,13.9761,10.5992,8.57946,6.01551,5.32259,5.5138,3.78861,0.0,3.80605,5.48462,5.23143,5.97719,8.57426,10.1079,10.442,11.9278,13.9142,14.7387,16.8503,18.2318,19.4221,17.2469,14.1353,15.9686,16.3502,12.6765,12.1104,14.9575,13.8882,10.3766,12.5261,15.1155,17.1249,15.4535,17.7165,18.2811,16.6183,13.349,13.9227,14.6371,11.5486,9.4891,12.1774,12.6448,9.27466,10.2888,12.4339,14.6501,16.8778,18.5374,21.5928,19.7744,18.1117,21.6465,23.1555,20.82,22.0685,25.5424,25.2084,23.7982,26.7782,29.1061,28.0767,28.2898,31.7908,32.8593,31.6487,33.8028,36.6736,36.6684,35.8754,37.5932,37.0215,39.8248,39.5329,41.1727,40.5452,37.8984,37.1269,34.1388,34.1785,33.4918,30.2298,30.642,28.398,26.5241,26.1419,24.4408,22.2007,21.3995,22.9523,26.1706,25.3626,24.1544,21.7429,24.904,26.5921,23.7639,23.8751,27.6425,27.6871,25.2355,27.2083,30.6673,33.4241,33.4581,29.6997,28.7105,25.399,23.9921,20.4077,21.7309,23.9877,21.3951,19.0622,22.1833,22.7648,19.2837,19.6267,23.1479,21.9376,19.2248,22.0027,24.2202,21.7332,21.3096,25.1056,25.5269,23.4123,25.1184,26.9749,30.0581,32.7088,33.6013,37.0896,36.0976,34.7084,37.768,38.2957,39.2539,42.646,41.2423,37.8067,37.2651,37.4132,34.1562,32.2783,33.9586,33.0801,29.4096,29.5312,31.6212,29.4688,26.2412,28.0308,29.42,26.0035,24.69,28.0302,42.4313,40.2931,38.8326,42.3706,43.4904,40.7048,41.2462,43.3982,47.1958,47.3999,44.7484,45.9649,49.4355,48.1383,46.035,48.9629,51.2111,48.7919,50.1498,48.5253,45.927,44.1013,40.6152,37.7507,38.0597,41.7472,41.2502,38.7486,41.0624,43.955,42.4914,40.9154
15.4012,18.8054,19.4086,22.6095,24.2955,27.186,24.3251,22.9052,20.239,17.3742,15.2832,11.642,9.81468,8.40724,6.05235,5.1466,5.59918,3.80605,0.0,3.79353,5.64602,5.20891,6.16726,8.7616,9.90021,10.3881,11.7108,13.1257,14.8206,15.6156,16.4527,13.8993,11.12,13.0777,13.0242,9.25141,9.47381,12.3098,10.9513,7.91475,10.862,13.2214,15.908,14.7827,17.6251,18.3459,17.4417,13.8716,13.8059,15.2896,12.8635,9.94958,12.4681,13.987,11.1535,11.3122,13.9429,15.3872,16.9213,19.0386,21.6104,19.272,18.0865,21.793,22.6861,20.2075,21.9907,25.2085,24.3671,23.2141,26.5137,28.4169,27.1473,27.7959,31.3179,31.9689,30.8427,33.3461,35.9748,35.7218,35.1952,37.2484,36.9584,39.9695,40.2179,41.7985,41.4337,38.7182,37.618,34.4491,34.4888,33.4622,30.2016,30.6116,28.2078,26.8026,26.4576,24.2698,22.2295,21.9718,23.9048,27.1668,26.2481,25.3714,22.8452,25.9175,27.2748,24.1014,24.1825,27.879,27.526,24.7771,26.8183,30.2599,32.7048,32.5163,28.8168,27.9132,24.3719,23.3293,19.6055,20.2869,22.7178,20.4711,17.6211,20.3917,21.3971,17.9763,17.6333,21.2556,20.472,17.446,19.7698,22.3659,20.0935,19.1266,22.8945,23.7827,21.6711,22.9124,24.933,27.7382,30.2232,30.7957,34.3833,33.5308,31.9104,34.9082,35.3439,36.4946,39.8789,38.4481,34.9255,34.1789,34.1494,30.8171,29.1428,30.8287,29.7369,26.1016,26.4678,28.4586,26.1321,23.0525,25.0938,26.3251,22.8386,21.8796,25.3379,39.086,37.0935,35.5253,39.0451,40.3296,37.6497,38.0927,40.356,44.1188,44.2351,41.4663,42.6773,46.1044,44.7028,42.5513,45.5013,47.6792,45.1808,46.5306,44.9019,42.2491,40.4089,36.8913,34.0721,34.3441,38.0507,37.6476,35.1883,37.4771,40.4078,39.0728,37.5222
14.6554,18.1951,19.4211,22.9335,25.0063,27.2778,24.0816,22.7211,19.8614,17.5221,15.3918,11.6001,10.9809,10.0848,8.7542,6.3631,5.60647,5.48462,3.79353,0.0,3.79974,5.37674,5.25775,6.428,8.67711,9.96269,10.4724,10.895,12.1461,13.6077,14.3495,12.4447,9.03387,10.5616,11.3883,7.98708,6.94684,10.2741,10.1069,7.11121,9.16855,12.3064,14.8977,13.1548,15.688,15.7592,15.1303,11.8052,10.9455,12.2389,10.3516,6.92317,8.91937,10.9082,8.65197,8.38103,11.5474,12.8281,13.8992,15.8004,18.2323,15.7418,14.4312,18.1281,18.9501,16.4176,18.2313,21.4177,20.6146,19.5306,22.8256,24.7174,23.5995,24.3139,27.7575,28.4886,27.5481,30.0172,32.5835,32.5168,32.1307,34.1236,34.0113,37.1169,37.8523,39.6678,39.5463,37.0468,35.7591,32.4492,32.1391,30.8924,27.472,27.5631,24.9491,23.5673,23.5484,21.3322,19.035,19.108,20.901,24.3168,23.7107,23.2682,21.1087,24.4104,25.3507,22.1229,22.7429,26.3314,25.6399,23.1514,25.6223,28.8362,31.3575,30.9429,27.1785,25.843,22.2979,20.8792,17.2795,17.9443,19.9482,17.4179,14.6705,17.3963,18.0141,14.4622,14.3681,17.886,16.8491,13.9505,16.5769,18.976,16.728,16.1725,19.9479,20.6849,18.8798,20.4571,22.7477,25.6768,28.0299,28.8584,32.4091,31.7476,30.4555,33.6902,34.5206,35.8352,39.3841,38.3008,34.7249,34.2199,33.9476,30.8043,29.0041,30.2491,29.1089,25.6021,25.5606,27.2493,24.9318,21.8054,23.3856,24.4718,20.9787,19.6562,22.879,37.6281,35.5248,34.3076,37.9464,38.9715,36.3535,37.1611,39.5678,43.3476,43.7758,41.0022,41.9016,45.4441,44.281,41.9344,44.671,47.0744,44.6667,45.774,43.9533,41.3904,39.7973,36.388,33.6138,34.303,37.9433,37.3255,35.1253,37.7041,40.4192,39.023,37.8209
17.2503,20.9559,22.4589,26.0081,27.8425,30.1851,26.9587,25.2361,22.0811,19.6621,16.9706,13.3601,12.5831,10.6782,10.1808,8.77254,6.46114,5.23143,5.64602,3.79974,0.0,3.81679,5.68879,5.42153,6.28331,8.73029,10.1785,10.0485,12.2272,14.2168,15.8207,14.4762,10.9613,12.9867,14.5043,11.2847,10.141,13.6857,13.8717,10.852,12.5089,15.8503,18.1174,15.9135,17.8974,17.4536,16.2694,13.414,12.6287,12.8088,10.5751,7.69007,8.84949,9.72757,6.7266,5.91126,8.32699,9.8622,11.7331,13.6637,16.5303,14.7036,13.3951,17.0389,18.4207,16.4547,18.0658,21.3247,21.1591,20.2899,23.2769,25.4302,24.8474,25.4246,28.6796,29.8097,29.1265,31.3092,33.9285,34.2565,33.8849,35.5762,35.4332,38.4492,39.0924,41.1217,40.8986,38.5786,37.4909,34.2628,33.7384,32.6211,29.0822,28.8708,26.1529,24.3596,24.6936,22.9008,20.1521,20.0365,21.1934,24.7662,24.6091,24.139,22.33,25.8376,26.8827,23.9395,24.8263,28.4269,27.8946,25.7326,28.2971,31.4464,34.1872,33.8224,30.0088,28.4354,25.039,23.1973,19.792,20.7893,22.3936,19.4566,17.1217,19.8354,19.8141,16.0816,16.4154,19.5908,17.8591,15.0416,17.942,19.7285,16.9365,16.7733,20.5364,20.5991,18.4765,20.5,22.3408,25.6045,28.2928,29.5369,32.8965,31.8976,30.8701,34.1181,35.0198,36.0014,39.5449,38.5154,35.0803,34.9317,34.9691,31.9945,29.8104,31.0543,30.3524,26.7785,26.3304,28.2897,26.3942,22.9842,24.2439,25.781,22.5515,20.6982,23.8505,39.1595,36.766,35.6184,39.2272,39.9901,37.1462,38.0327,40.1986,44.0256,44.5835,42.0417,42.9892,46.5911,45.632,43.4342,46.1584,48.6782,46.484,47.6911,46.0073,43.6486,41.9605,38.667,35.6966,36.4576,40.0146,39.1145,36.7981,39.4655,42.0469,40.3495,39.141
19.6697,23.2468,24.2426,27.5904,29.3545,32.0601,29.0282,27.5015,24.5777,21.879,19.3773,15.7353,14.2027,11.9822,10.5058,9.96464,8.70931,5.97719,5.20891,5.37674,3.81679,0.0,3.83629,5.3628,4.92807,5.96527,8.27939,9.45446,12.1843,13.3019,15.2812,13.5089,10.6083,13.4886,14.5905,11.1892,11.3278,14.9159,14.5359,11.9443,14.4767,17.4,20.1391,18.4845,20.907,20.7737,19.7888,16.6854,15.9034,16.4698,14.2807,11.2394,12.3785,13.4682,10.4327,9.12038,10.7423,11.4383,13.2576,15.8987,18.4585,16.6119,16.0459,19.7538,20.7919,19.0732,21.1268,24.1346,23.7661,23.2586,26.4021,28.2643,27.6458,28.5507,31.7716,32.6588,32.0925,34.4835,36.937,37.1327,36.9415,38.825,38.8132,41.912,42.6571,44.5956,44.3724,41.9375,40.8075,37.5552,37.1502,35.9448,32.4381,32.273,29.4823,27.8962,28.2248,26.2173,23.5889,23.6489,24.9346,28.5068,28.2594,27.7453,25.7466,29.1422,30.2638,27.197,27.8394,31.4792,30.9135,28.4865,30.8979,34.1576,36.7071,36.3156,32.554,31.1923,27.6488,26.1357,22.5942,23.1896,25.0172,22.3494,19.6228,22.0332,22.3347,18.614,18.271,21.4582,19.9427,16.6915,19.0357,21.0098,18.0769,17.1824,20.9187,21.1705,18.55,20.0593,21.5145,24.6245,27.5123,28.5283,31.8862,30.6093,29.2719,32.287,32.8418,33.6244,37.0362,35.7511,32.3755,32.1379,32.438,29.391,27.1663,28.7465,28.2319,24.5307,24.2904,26.6133,24.8736,21.3949,23.0246,24.8813,21.7732,20.1487,23.5912,37.9285,35.5271,34.05,37.5337,38.4538,35.4792,36.0462,38.0225,41.8478,42.1838,39.7153,40.9353,44.4605,43.3853,41.4067,44.3068,46.6866,44.524,45.9881,44.5567,42.2478,40.2825,36.9783,33.8489,34.3467,37.8934,36.9936,34.4332,36.9502,39.6047,37.8201,36.3812
19.5788,22.9478,23.851,27.2097,29.3826,31.7668,28.6628,27.5973,24.9234,22.538,20.5202,16.7329,15.6408,14.2171,12.2112,10.7859,10.384,8.57426,6.16726,5.25775,5.68879,3.83629,0.0,3.79214,5.46662,5.09946,5.57388,7.23695,9.2512,9.87914,11.5519,9.67525,6.88072,10.0477,11.201,8.11379,8.7837,12.3893,12.3258,10.5592,13.1909,15.9942,19.1255,17.771,20.4542,20.253,19.979,16.82,15.3636,16.4633,15.0199,11.4462,12.1675,14.2255,11.9807,10.0954,12.288,12.1588,12.8783,15.8171,17.7209,15.278,15.2276,18.9943,19.3357,17.5056,20.0697,22.7439,21.8875,21.6918,25.0797,26.4953,25.7161,27.0501,30.2165,30.7255,30.3168,32.9901,35.1721,35.201,35.307,37.4563,37.7538,41.0399,42.3977,44.3412,44.4177,42.0018,40.5444,37.1226,36.6154,35.0615,31.5484,31.2837,28.3234,27.1919,27.6427,25.2416,22.7649,23.39,24.9418,28.5287,28.2673,28.1486,26.1766,29.5189,30.2425,26.9238,27.6903,31.1891,30.1993,27.651,30.218,33.3442,35.6279,34.9742,31.2911,29.8751,26.1976,24.901,21.3792,21.3808,23.1454,20.7585,17.682,19.6204,20.1543,16.5404,15.5561,18.6943,17.5229,14.0027,15.8826,18.1543,15.4568,14.0514,17.7698,18.4871,15.9746,17.0711,18.8511,21.7141,24.3769,25.1589,28.6319,27.5883,26.1345,29.2131,29.8568,30.9379,34.433,33.2791,29.7691,29.4196,29.4076,26.3579,24.2799,25.6564,24.8844,21.253,21.0728,23.1679,21.2398,17.8456,19.5582,21.2175,18.0191,16.5856,20.1037,34.2572,31.9454,30.5038,34.0396,35.0205,32.1728,32.8054,34.9797,38.7897,39.176,36.5698,37.6438,41.1873,40.1068,37.9817,40.8169,43.2313,41.022,42.3723,40.8493,38.5231,36.6468,33.3558,30.2787,30.9368,34.4768,33.5681,31.1645,33.8001,36.3986,34.7163,33.4658
20.4691,23.953,25.3881,28.9552,31.2493,33.2484,29.9176,28.7132,25.7962,23.7269,21.4693,17.7312,17.2423,15.762,14.5374,12.7319,11.3607,10.1079,8.7616,6.428,5.42153,5.3628,3.79214,0.0,3.81424,5.45204,5.3226,4.69489,7.0699,9.03133,11.2105,10.5843,7.30914,10.0628,12.3796,9.9707,9.43788,13.2169,14.1498,12.3401,14.0873,17.3795,20.182,18.236,20.3807,19.4772,19.186,16.5366,14.5917,14.9725,13.9579,10.5326,10.1077,11.9814,10.2317,7.4261,9.36034,8.6735,9.09217,12.0868,13.9643,11.7069,11.7955,15.5123,16.0099,14.565,17.1271,19.7142,19.2502,19.3268,22.5061,23.9992,23.6769,25.0133,27.9618,28.7381,28.6469,31.1208,33.2479,33.6431,33.8792,35.8085,36.2397,39.5333,41.2259,43.4407,43.6535,41.5019,40.011,36.5513,35.6788,34.0307,30.3735,29.6979,26.5392,25.2538,26.159,23.9785,21.1186,21.9424,23.0314,26.7528,26.9673,27.1791,25.6723,29.2147,29.673,26.4977,27.7592,31.1439,29.9995,27.831,30.714,33.6201,36.0557,35.2743,31.5504,29.7145,26.1628,24.3961,21.142,21.2983,22.4835,19.719,17.0237,18.8346,18.66,14.9197,14.3805,17.1101,15.2756,11.9258,14.2177,15.8485,12.765,12.0356,15.7536,15.849,13.3924,15.1867,16.964,20.1897,22.9247,24.2294,27.5327,26.4831,25.5341,28.8377,29.9071,30.9479,34.571,33.7833,30.3373,30.4138,30.3448,27.6044,25.2382,26.1674,25.6055,22.1327,21.3114,23.2244,21.5845,18.0483,19.0343,20.8011,17.8148,15.6664,18.8491,34.2328,31.6709,30.6209,34.2247,34.8066,31.9102,32.9357,35.0973,38.9251,39.6691,37.201,38.0033,41.6624,40.9126,38.7016,41.315,43.9793,41.9722,43.1439,41.5233,39.3937,37.7111,34.6039,31.5111,32.5651,35.9669,34.7417,32.541,35.4425,37.7612,35.8904,34.9586
23.1322,26.7399,28.0961,31.6025,33.6094,35.9466,32.7107,31.248,28.1995,25.8316,23.2378,19.5919,18.5887,16.3877,15.3246,14.3945,12.6343,10.442,9.90021,8.67711,6.28331,4.92807,5.46662,3.81424,0.0,3.79573,5.98861,5.9198,9.45746,11.0782,13.9646,13.3468,10.5881,13.7044,15.8237,13.1926,13.0518,16.8425,17.3841,15.2937,17.3179,20.5677,23.3159,21.3153,23.3743,22.4933,21.7337,19.1401,17.6057,17.5385,16.0247,13.0109,12.6733,13.6178,11.234,8.39672,8.8727,8.00478,9.50474,12.7209,14.9029,13.4921,13.7755,17.2817,18.2151,17.3167,19.6585,22.241,22.2269,22.4215,25.362,27.0175,26.9943,28.2067,31.0511,32.0534,32.0552,34.3578,36.5381,37.1158,37.3073,39.0689,39.4063,42.6058,44.0279,46.2907,46.3259,44.1901,42.9108,39.5498,38.6933,37.2221,33.5432,32.8192,29.6858,28.1166,29.0928,27.1805,24.1558,24.6888,25.4497,29.204,29.5654,29.5548,28.0837,31.6827,32.4048,29.398,30.5851,34.0682,33.1693,31.0487,33.8274,36.8325,39.391,38.7373,34.9761,33.1792,29.6741,27.8109,24.5443,24.9319,26.1329,23.2357,20.6933,22.598,22.2579,18.4906,18.115,20.6851,18.5808,15.3311,17.5326,18.7762,15.3668,14.6677,18.173,17.7713,14.8197,16.6597,17.6504,21.0393,24.1738,25.6714,28.7607,27.2335,26.3204,29.4295,30.2915,30.8701,34.3632,33.4192,30.1691,30.4742,30.8737,28.2216,25.5503,26.746,26.6794,23.1039,22.1398,24.5146,23.3254,19.6153,20.5911,22.8734,20.2161,17.916,21.1127,36.0587,33.3082,32.0963,35.5576,36.046,32.9025,33.7521,35.558,39.4017,40.0772,37.8615,38.9038,42.5303,41.8443,39.9162,42.6356,45.2634,43.4268,44.8417,43.4868,41.5165,39.5971,36.5601,33.2685,34.1425,37.4738,36.0964,33.642,36.4493,38.7375,36.6048,35.4749
