0.0,3.80277,6.81065,9.5775,11.4684,9.12316,9.08386,12.7983,13.1369,11.346,13.7153,16.7608,16.3628,18.9033,18.769,22.208,23.9496,26.0765,24.6159,24.1246,21.0501,17.6464,14.0277,12.7448,10.0192,12.0752,11.4433,7.84084,9.29381,12.1734,10.7194,9.10294,12.6278,14.4244,13.2612,14.208,17.4774,18.3077,17.7418,14.9046,12.3702,9.02672,7.55538,8.4607,5.79956,4.09646,7.53767,10.328,12.5065,10.5397,10.4259,14.0216,14.9802,13.9045,15.7229,18.6099,18.9367,18.9425,21.0054,24.3095,24.003,23.5843,27.3528,28.4303,25.1322,25.1602,23.3447,20.8034,19.791,20.1422,18.0234,15.2129,15.8641,15.9325,12.7138,11.0796,13.6765,12.684,8.99031,10.731,13.1725,10.7689,9.29289,13.0166,14.3131,16.4302,17.8738,18.2664,20.0206,19.3068,18.1073,21.393,21.0331,17.6736,19.656,22.6377,20.7554,19.3618,22.8502,24.8332,22.508,23.5652,27.1556,27.4376,26.3153,28.4337,31.3607,30.8238,30.9177,34.2648,35.3342,34.3925,36.0261,39.5374,39.6555
3.80277,0.0,3.79839,6.34712,7.73073,5.38466,5.71659,9.25002,9.66453,8.54243,11.0328,13.8283,13.9045,16.902,17.4796,20.8517,22.1757,24.0499,22.7828,22.1127,19.4003,15.7533,12.4766,11.4339,9.34272,12.321,11.7616,8.80931,11.0909,13.9348,12.6917,11.9807,15.5064,17.0325,16.2411,17.5841,20.614,21.3561,21.1516,18.2095,15.917,12.5757,11.2172,11.4801,8.42994,6.41472,8.56159,10.5586,13.5863,12.5339,11.8348,15.0766,16.8559,16.0551,17.1545,20.2404,21.132,20.8521,22.4095,25.9655,25.7901,24.8604,28.5253,29.9048,26.6181,26.5617,24.3256,22.1713,21.3583,21.0797,18.7428,16.5127,16.9236,16.1357,12.9123,11.7694,13.5703,11.6575,8.21719,10.2343,11.6301,8.45502,7.60694,11.3972,11.7597,14.1099,15.1155,15.8284,17.4856,17.3679,16.8675,20.1963,19.354,16.3342,18.9244,21.5421,19.3911,18.6581,22.3387,23.8741,21.6848,23.3329,26.7342,26.7061,25.9773,28.4362,31.0402,30.4687,31.0317,34.3339,35.0997,34.3441,36.2894,39.6413,39.7107
6.81065,3.79839,0.0,3.81624,5.43474,4.97464,6.0823,8.65124,9.81543,10.061,12.1556,14.6384,15.4976,18.8476,20.0257,23.306,24.2555,25.8282,24.7049,23.7225,21.3607,17.638,14.8151,13.5865,11.6192,15.0007,14.9867,12.2917,14.2594,17.3836,16.4209,15.5273,18.9214,20.7008,19.8763,20.967,24.1327,24.9742,24.5321,21.5714,18.9718,15.8051,13.8655,14.3205,11.7701,8.97693,10.4545,12.5131,15.6061,15.1223,14.8749,17.7887,19.7193,19.3721,20.468,23.3785,24.4818,24.4118,25.8087,29.4172,29.4251,28.4408,32.0723,33.5813,30.3348,30.29,27.9582,25.8781,25.1227,24.7095,22.3351,20.2548,20.5517,19.5403,16.4123,15.3218,16.6908,14.4932,11.3028,12.8669,13.564,10.0247,8.94958,12.3676,11.9522,14.9514,15.7803,17.1745,18.8184,19.3976,19.4846,22.7127,21.3885,18.6633,21.5774,23.7983,21.2761,20.9187,24.6916,25.7601,23.4253,25.4147,28.7301,28.2404,27.5297,30.3244,32.6714,31.7684,32.6109,36.0035,36.4012,35.5016,37.7402,40.9685,40.7413
9.5775,6.34712,3.81624,0.0,3.75586,5.3731,4.81346,6.26189,8.7401,9.46957,10.4642,12.9423,14.6791,17.9816,19.5953,22.9133,23.8115,24.8398,23.5198,22.0369,19.9151,16.3095,14.0295,12.4333,10.8486,14.5287,15.1542,13.1733,15.0,18.1814,17.8791,17.3637,20.4409,22.3298,22.0898,23.1388,26.0629,27.2192,27.0869,24.3584,21.9462,18.5124,16.9721,17.6631,14.7681,12.4289,14.0868,15.8137,19.1147,18.6017,17.9297,20.8821,22.9902,22.3347,23.1468,26.3047,27.3901,26.9208,28.265,31.9138,31.66,30.3943,33.9339,35.3607,31.9969,31.5795,28.9206,26.9225,26.6544,26.0771,23.326,21.7153,22.3633,20.8903,17.6128,17.2942,18.5522,15.7646,13.1387,15.2834,15.3791,11.5928,11.615,14.7923,13.5319,16.2505,16.2079,17.4092,18.3696,19.2196,19.9368,23.305,21.9934,19.7529,22.9784,25.0804,22.728,22.8982,26.6471,27.5787,25.6006,27.8784,30.9942,30.514,30.1805,33.0268,35.2066,34.4555,35.5342,38.8111,39.1308,38.4438,40.7772,43.9139,43.7551
11.4684,7.73073,5.43474,3.75586,0.0,3.72361,5.06553,4.79325,6.31008,8.4005,9.8477,11.303,13.0526,16.6764,18.7873,21.7111,22.0355,23.0749,22.2624,21.0435,19.4133,15.7265,13.8976,13.255,12.6302,16.365,16.3453,14.6938,17.2097,19.9526,19.225,19.2348,22.5556,23.9464,23.5864,25.127,27.9414,28.6952,28.7747,25.7827,23.5899,20.2902,18.8126,18.7809,15.7812,13.5174,14.2754,15.1666,18.7507,18.905,17.8941,20.3568,22.9721,22.6411,22.9213,26.0307,27.6,27.0611,27.9117,31.6833,31.7125,30.1296,33.5238,35.2961,32.1035,31.8854,29.102,27.5431,27.1046,26.0156,23.461,22.1759,22.3105,20.4071,17.5418,17.2212,17.6927,14.6605,12.5636,14.2851,13.5149,9.75048,10.2918,12.792,10.7663,13.4615,13.1462,14.7994,15.9258,17.3875,18.5291,21.5819,19.7728,17.8665,21.3316,22.9661,20.3904,21.0199,24.7485,25.2483,23.3862,26.0222,28.9011,28.1633,28.1258,31.157,33.0339,32.2765,33.6905,36.8608,36.9505,36.4461,38.9655,41.9315,41.7789
9.12316,5.38466,4.97464,5.3731,3.72361,0.0,3.84166,5.36753,5.07146,6.04266,8.70278,10.3659,11.0615,14.664,16.3248,19.2733,19.7837,21.3222,20.566,19.8437,17.8995,14.1002,11.7505,11.6323,11.0753,14.5706,13.8257,12.0073,14.9743,17.3622,16.1697,16.4213,19.9202,20.9445,20.4333,22.2891,25.0116,25.4865,25.7082,22.6148,20.671,17.4333,16.2548,15.7894,12.5993,10.7683,11.4089,11.9755,15.6404,15.6997,14.3547,16.8341,19.5072,19.0773,19.2246,22.3814,23.9786,23.3795,24.1883,27.9618,28.0265,26.4598,29.8737,31.6852,28.5442,28.4888,25.8249,24.3226,23.6524,22.5279,20.157,18.7558,18.6842,16.8762,14.1005,13.5606,14.0171,11.1324,8.8586,10.6353,10.1408,6.32821,7.07841,9.93205,8.53828,10.952,11.1119,12.4133,13.9614,14.9092,15.4989,18.5805,16.9641,14.6604,17.9582,19.8499,17.3791,17.6817,21.4271,22.2349,20.3583,22.7811,25.7718,25.3215,25.2158,28.0523,30.1301,29.5739,30.7836,33.9217,34.2738,33.848,36.1665,39.2382,39.295
9.08386,5.71659,6.0823,4.81346,5.06553,3.84166,0.0,3.7789,5.33057,4.78153,6.09233,8.86019,10.1086,13.2906,14.7871,18.1226,19.1726,20.3135,18.9343,17.71,15.4519,11.7474,9.34214,8.3554,7.71722,11.4,11.3363,10.0178,12.6468,15.163,14.7548,15.1722,18.262,19.5399,19.6799,21.3082,23.7928,24.7442,25.2295,22.533,20.7607,17.1675,16.5165,16.6614,13.1389,11.9034,13.5428,14.479,17.9921,17.3468,15.747,18.6758,21.042,19.9378,20.1788,23.6259,24.7744,23.7604,24.9055,28.5755,28.1249,26.5258,29.9359,31.3785,28.0125,27.4645,24.6044,22.8849,22.7808,21.8819,19.0248,17.8473,18.5257,16.6457,13.413,13.7186,14.794,11.6518,9.62651,12.439,12.3111,8.69289,10.0546,13.1586,11.9396,13.7072,13.2227,13.5884,14.2243,14.6439,15.3258,18.8123,17.8251,15.7028,18.9367,21.1928,19.2754,19.6019,23.2215,24.3953,22.875,25.1285,28.092,28.0363,28.0629,30.6441,32.8678,32.601,33.6633,36.7076,37.304,37.0085,39.1454,42.2887,42.5327
12.7983,9.25002,8.65124,6.26189,4.79325,5.36753,3.7789,0.0,3.77837,5.40819,5.42128,6.91426,9.31634,12.6526,15.0009,17.95,18.4436,19.0478,17.9181,16.405,14.87,11.3116,10.0792,9.6383,10.1434,13.7445,13.7987,13.2196,15.897,18.1508,17.9136,18.7072,21.6794,22.7734,23.1122,24.8945,27.2092,28.1075,28.7956,26.0829,24.4348,20.8688,20.235,20.1813,16.6459,15.3659,16.5319,16.9782,20.6727,20.4733,18.6697,21.2376,23.9543,22.998,22.8111,26.2668,27.7085,26.5093,27.289,31.0188,30.6301,28.6856,31.8976,33.512,30.2308,29.5876,26.4709,25.1346,25.2325,23.9084,21.0099,20.3875,20.9068,18.5012,15.6096,16.3264,16.736,13.1939,12.0243,14.5975,13.5124,9.9955,12.0273,14.4238,12.2449,13.7492,12.3741,12.9116,12.9866,14.2104,15.8169,19.0597,17.6866,16.2877,19.8503,21.5924,19.6404,20.6656,24.1937,24.9082,23.697,26.3651,29.0059,28.7236,29.1628,31.9153,33.7908,33.5598,35.0001,37.9068,38.2517,38.1691,40.5101,43.4604,43.6964
13.1369,9.66453,9.81543,8.7401,6.31008,5.07146,5.33057,3.77837,0.0,3.80064,5.59095,5.69468,6.92059,10.6648,13.1437,15.6973,15.7655,16.8336,16.2762,15.5064,14.1935,10.5383,9.36056,10.3039,11.4293,14.6946,13.739,13.2649,16.5626,18.2528,17.372,18.6181,21.8177,22.3244,22.4287,24.6996,26.8809,27.2878,28.1675,25.2367,23.8952,20.5568,20.1036,19.3495,15.7976,14.8708,15.347,14.9769,18.7411,18.957,16.762,18.8667,21.9248,21.1688,20.4828,23.8621,25.6669,24.4019,24.7494,28.5327,28.4043,26.2434,29.3273,31.2424,28.1643,27.8211,24.7333,23.8035,23.5759,21.828,19.2787,18.8492,18.786,16.1075,13.7332,14.3247,14.001,10.3762,9.85006,12.0169,10.2838,7.12952,9.93861,11.6808,9.32108,10.2175,8.66256,9.2089,9.73775,11.2265,12.8798,15.841,14.1312,12.8149,16.4855,17.9766,15.9464,17.1965,20.6659,21.2266,20.1606,22.9554,25.4395,25.1633,25.8109,28.5413,30.2973,30.2103,31.7598,34.5365,34.8815,34.9932,37.3208,40.1945,40.5713
11.346,8.54243,10.061,9.46957,8.4005,6.04266,4.78153,5.40819,3.80064,0.0,3.77483,5.55163,5.51574,8.80063,10.4371,13.5311,14.4347,15.8086,14.6907,14.0551,11.9587,8.16068,6.00504,7.09186,8.3765,11.2904,9.99302,9.79196,13.2102,14.5872,13.8025,15.3532,18.377,18.745,19.1315,21.456,23.4122,23.9164,25.0288,22.3132,21.2654,17.8229,17.9307,17.2897,13.508,13.3433,14.3917,14.1805,17.7434,17.3241,14.8093,17.2814,20.0326,18.7194,18.0982,21.6929,23.1196,21.5722,22.221,25.9114,25.4316,23.3514,26.5143,28.1528,24.9214,24.3812,21.2945,20.1644,20.1029,18.5724,15.801,15.3407,15.686,13.1175,10.3666,11.4157,11.6922,8.05886,7.5333,10.577,9.71442,6.90166,9.84686,12.1348,10.8444,11.2491,10.1321,9.47644,9.76716,9.86793,10.7328,14.1956,13.3522,11.5734,14.9049,17.0818,15.6058,16.3255,19.7113,20.9362,19.9949,22.326,24.9741,25.2467,25.7561,28.1047,30.2127,30.4176,31.5821,34.3208,35.0798,35.2264,37.2277,40.2751,40.8881
13.7153,11.0328,12.1556,10.4642,9.8477,8.70278,6.09233,5.42128,5.59095,3.77483,0.0,3.81308,5.58607,8.00538,10.0104,13.2043,14.3476,14.8522,13.1343,11.6378,9.60203,5.97398,4.99136,5.39078,7.70725,10.4612,10.0926,10.8932,13.7178,15.0343,15.162,16.8846,19.382,19.9337,20.9563,23.0382,24.708,25.6228,26.9735,24.6188,23.6889,20.0598,20.43,20.2432,16.3947,16.3509,17.8399,17.8773,21.3841,20.7052,18.1669,20.7755,23.366,21.7109,21.0873,24.7909,25.9589,24.0875,24.8589,28.4161,27.5477,25.3402,28.3461,29.7047,26.3631,25.3147,21.9612,20.8393,21.4452,19.9762,16.7954,16.8621,17.8189,15.0868,12.2683,14.129,14.6326,10.9868,10.9167,14.1904,13.2915,10.6414,13.5655,15.8506,14.2516,14.487,12.6807,11.5691,10.6054,10.6414,12.1579,15.6585,15.2206,14.1138,17.3645,19.4725,18.4281,19.4556,22.6216,23.8455,23.2671,25.6316,28.091,28.4891,29.2258,31.4861,33.518,33.8843,35.1104,37.7337,38.5185,38.8054,40.7871,43.7891,44.4852
16.7608,13.8283,14.6384,12.9423,11.303,10.3659,8.86019,6.91426,5.69468,5.55163,3.81308,0.0,3.80123,6.37902,9.54251,11.8424,12.0622,12.2057,11.1637,9.92942,9.09679,5.93422,6.8197,8.6252,11.422,13.8442,13.0061,14.1014,17.1813,18.0749,17.8986,19.9814,22.5408,22.6624,23.6208,26.0348,27.5392,28.1205,29.6759,27.1871,26.4652,22.9993,23.3755,22.7282,18.9175,18.8934,19.7753,19.1631,22.7597,22.592,19.7947,21.8724,24.8416,23.4345,22.2527,25.8556,27.4262,25.412,25.6396,29.2205,28.5599,25.9707,28.6825,30.3457,27.245,26.3152,22.8222,22.3158,22.865,20.8158,17.9164,18.5493,18.9957,15.7647,13.6904,15.6688,15.2506,11.4632,12.3704,15.1109,13.2933,11.1779,14.6321,16.0962,13.9262,13.4828,10.8433,9.49536,7.7488,8.70633,11.2963,14.2474,13.361,13.1503,16.5968,18.0546,17.0943,18.8267,21.7609,22.5223,22.3685,25.0662,27.1142,27.3783,28.5766,30.8978,32.5659,33.078,34.6378,37.0376,37.6398,38.2225,40.3225,43.1096,43.8966
16.3628,13.9045,15.4976,14.6791,13.0526,11.0615,10.1086,9.31634,6.92059,5.51574,5.58607,3.80123,0.0,3.80837,6.65692,8.84641,9.18675,10.3313,9.62702,9.65326,8.46221,5.33838,5.70484,8.86804,11.7868,13.6338,11.7875,13.0381,16.4663,16.716,16.0077,18.5239,21.1137,20.6631,21.5078,24.2947,25.5684,25.7494,27.5335,25.0067,24.682,21.4606,22.1945,21.0863,17.3383,17.9067,18.4984,17.3796,20.7631,20.6187,17.4576,19.2296,22.2336,20.7488,19.1706,22.736,24.3968,22.2052,22.1852,25.7214,25.1198,22.3903,25.012,26.8076,23.8319,23.1075,19.6742,19.4752,19.7735,17.4295,14.8087,15.6638,15.7422,12.3085,10.7481,12.886,12.0299,8.37766,10.1915,12.7459,10.9179,9.73256,13.4579,14.5518,12.9718,11.7318,9.35159,6.96742,5.32652,5.16704,7.49758,10.5306,9.95203,9.6602,12.9347,14.5673,13.9784,15.5936,18.3388,19.3715,19.4486,21.9291,23.9083,24.5094,25.7775,27.8284,29.5927,30.3781,31.781,34.0422,34.8787,35.6135,37.5017,40.3149,41.3284
18.9033,16.902,18.8476,17.9816,16.6764,14.664,13.2906,12.6526,10.6648,8.80063,8.00538,6.37902,3.80837,0.0,3.74836,5.47709,6.50762,7.33057,6.03919,6.69545,5.63579,4.0638,6.05577,9.61428,13.0701,13.9668,11.9865,14.1619,17.2728,16.76,16.3891,19.4151,21.4782,20.6026,21.947,24.8283,25.5469,25.7186,27.9657,25.7941,25.9734,22.8496,24.1351,23.0349,19.3217,20.4737,21.2332,19.9978,23.1025,22.6984,19.2711,20.9164,23.7023,21.8172,19.9297,23.4879,24.9112,22.2359,22.1125,25.365,24.3823,21.4053,23.6669,25.2365,22.3305,21.2289,17.5928,17.8384,18.6452,16.0963,13.4198,15.1494,15.5241,11.9263,10.9574,13.8867,13.032,9.93822,12.4277,15.011,13.4552,12.9479,16.6318,17.5943,16.345,14.5955,12.1783,9.00731,6.3627,4.45198,6.75555,9.4445,10.0542,10.5106,13.0361,14.6993,15.0854,16.7181,18.8847,20.1891,20.8644,23.0416,24.7071,25.7821,27.3012,28.9387,30.6994,31.9131,33.1876,35.1596,36.2562,37.2741,38.9045,41.6715,42.9907
18.769,17.4796,20.0257,19.5953,18.7873,16.3248,14.7871,15.0009,13.1437,10.4371,10.0104,9.54251,6.65692,3.74836,0.0,3.85955,6.88002,8.4696,6.6168,7.9962,5.82967,5.31822,6.12844,9.64655,12.8737,12.8176,10.3122,12.9453,15.7951,14.5251,14.1593,17.553,19.2074,17.8942,19.5094,22.4738,22.7689,22.8579,25.4113,23.5399,24.1672,21.2358,23.0463,21.9366,18.3741,20.1729,21.1366,19.9393,22.6434,21.8187,18.2522,19.9239,22.3043,19.9932,18.0544,21.6064,22.6442,19.654,19.7028,22.7114,21.3604,18.4156,20.6279,21.899,18.9064,17.5887,13.9067,14.2211,15.2565,12.7748,9.98564,12.1744,12.8879,9.4712,8.83557,12.2858,11.825,9.51956,12.1863,14.8251,14.0361,14.033,17.4041,18.5156,18.0063,16.1497,14.3935,10.9895,9.05894,5.75727,5.78551,8.60733,10.5385,10.4935,12.1007,14.3945,15.416,16.38,18.2271,20.1609,20.9331,22.5417,24.2771,25.8611,27.1956,28.4053,30.4576,31.9203,32.8017,34.6866,36.162,37.1938,38.4864,41.3739,42.9002
22.208,20.8517,23.306,22.9133,21.7111,19.2733,18.1226,17.95,15.6973,13.5311,13.2043,11.8424,8.84641,5.47709,3.85955,0.0,3.82669,5.79676,5.12807,8.14931,7.61413,8.31745,9.88532,13.4367,16.7283,16.5842,13.9975,16.5946,19.4514,17.8642,17.2743,20.8187,22.3699,20.6264,22.1679,25.3433,25.3385,25.0515,27.8356,25.9974,26.946,24.2898,26.187,24.7273,21.3386,23.2421,23.7902,22.1062,24.6534,24.1625,20.4434,21.5226,24.0283,21.8945,19.4124,22.6637,23.9464,20.7686,20.1897,22.9481,21.726,18.3899,19.986,21.4814,18.9593,17.7724,14.1487,15.4418,16.4097,13.3509,11.3833,14.2179,14.3303,10.8001,11.4054,14.6291,13.3641,11.5629,14.8369,16.8575,15.6029,16.2801,19.7736,20.242,19.6459,17.1628,15.1577,11.4183,9.06376,5.73028,6.12262,7.12747,9.54209,10.7323,11.7203,13.2627,15.0103,16.4322,17.5879,19.2719,20.7276,22.3181,23.4755,25.2409,27.0305,27.989,29.7282,31.5487,32.5692,34.0753,35.5671,36.9753,38.1706,40.8394,42.6102
23.9496,22.1757,24.2555,23.8115,22.0355,19.7837,19.1726,18.4436,15.7655,14.4347,14.3476,12.0622,9.18675,6.50762,6.88002,3.82669,0.0,3.81364,5.79044,9.12609,9.89005,10.25,12.1421,15.8454,19.1811,19.5956,17.0259,19.236,22.4053,21.1355,20.2248,23.628,25.5317,23.8148,24.9911,28.304,28.5194,27.9885,30.6225,28.4907,29.2907,26.7013,28.2643,26.5045,23.1567,24.7198,24.7789,22.6969,25.3624,25.4267,21.7192,22.3495,25.2392,23.5933,20.8195,23.8573,25.6423,22.6822,21.5778,24.4213,23.7007,20.1868,21.544,23.5145,21.3594,20.6183,17.1954,18.7789,19.3136,15.9381,14.4857,17.0999,16.5387,12.8394,13.782,16.479,14.445,12.5142,16.0256,17.5098,15.4926,16.4439,20.0935,19.9448,18.9282,16.0473,13.6267,9.9197,7.21579,5.04093,6.87127,6.4767,7.80409,10.2374,11.4742,11.9093,13.6015,15.8076,16.7457,17.7172,19.5341,21.5322,22.253,23.7116,25.9243,27.0507,28.3477,30.1901,31.5981,32.9296,34.1246,35.7546,37.1452,39.5731,41.3307
26.0765,24.0499,25.8282,24.8398,23.0749,21.3222,20.3135,19.0478,16.8336,15.8086,14.8522,12.2057,10.3313,7.33057,8.4696,5.79676,3.81364,0.0,3.74458,6.86492,9.0179,10.3169,13.1763,16.5433,20.1699,20.5937,18.5961,21.1313,24.0757,22.9515,22.5776,25.9501,27.6707,26.2076,27.7204,30.8382,30.9976,30.7976,33.4876,31.4981,32.191,29.3754,30.9085,29.4429,25.9229,27.2927,27.6018,25.7594,28.6308,28.6183,24.9718,25.8514,28.7494,26.9982,24.3951,27.5379,29.2005,26.1715,25.239,28.0244,27.0889,23.5921,24.8323,26.5483,24.3454,23.1954,19.6191,21.1304,22.1704,18.9937,17.1797,19.9349,19.8386,16.1593,16.6303,19.5863,17.8705,15.5512,18.7826,20.6174,18.4843,18.8976,22.6796,22.7394,21.2706,18.6368,15.7282,12.2994,8.86089,7.73613,10.2774,10.2878,11.2223,13.7326,15.2556,15.5237,17.0115,19.4432,20.446,21.1642,23.01,25.1913,25.8116,27.0973,29.4343,30.6725,31.8074,33.6073,35.1778,36.4701,37.5228,39.208,40.7054,43.0422,44.7598
24.6159,22.7828,24.7049,23.5198,22.2624,20.566,18.9343,17.9181,16.2762,14.6907,13.1343,11.1637,9.62702,6.03919,6.6168,5.12807,5.79044,3.74458,0.0,3.75108,5.56489,7.76199,10.9355,13.9396,17.6541,17.7281,16.1005,19.002,21.5875,20.4227,20.572,23.9322,25.343,24.0984,25.9912,28.8546,28.9144,29.1064,31.8412,30.1074,30.7723,27.7776,29.4825,28.4199,24.789,26.2648,27.0807,25.6932,28.598,28.1256,24.5401,25.9168,28.5482,26.4192,24.1863,27.5618,28.8088,25.6734,25.2677,28.0411,26.6864,23.4027,24.8978,26.1706,23.611,21.9952,18.2497,19.3164,20.8463,18.1008,15.7112,18.467,19.0708,15.5599,15.4225,18.7654,17.7693,15.2885,18.1468,20.5534,18.9331,18.8578,22.571,23.2468,21.9272,19.7406,16.9943,13.5727,10.1863,8.39723,10.4895,11.5975,13.0541,14.7257,16.3558,17.4215,18.7857,20.7368,22.0748,23.2712,24.7532,26.7535,27.7898,29.211,31.2053,32.4378,33.9234,35.6198,36.9449,38.4561,39.6795,41.1362,42.5629,45.1144,46.7727
24.1246,22.1127,23.7225,22.0369,21.0435,19.8437,17.71,16.405,15.5064,14.0551,11.6378,9.92942,9.65326,6.69545,7.9962,8.14931,9.12609,6.86492,3.75108,0.0,3.81873,6.4871,10.1983,12.4342,16.2017,16.4449,15.6052,18.5686,20.8551,20.1395,20.8312,23.911,25.2412,24.5215,26.6109,29.1394,29.3825,30.0275,32.5867,30.9236,31.2689,27.9974,29.5328,28.9023,25.1268,26.2941,27.4796,26.5413,29.6593,29.0061,25.6218,27.431,30.0157,27.8043,25.9853,29.5475,30.6285,27.6169,27.613,30.515,29.0213,25.9573,27.7379,28.797,25.964,24.0967,20.2872,20.772,22.5743,20.254,17.3727,19.762,20.8507,17.4635,16.5357,19.9115,19.4309,16.5237,18.7935,21.6229,20.1167,19.3237,22.9799,24.1105,22.5124,20.8701,17.9823,14.9787,11.5375,10.3777,12.7324,14.568,15.6377,16.8741,18.9782,20.284,21.1673,23.0632,24.8227,25.9987,27.1174,29.2793,30.5963,31.7932,33.6052,35.0885,36.6634,38.1025,39.467,41.2068,42.3166,43.5657,45.1466,47.7864,49.2489
21.0501,19.4003,21.3607,19.9151,19.4133,17.8995,15.4519,14.87,14.1935,11.9587,9.60203,9.09679,8.46221,5.63579,5.82967,7.61413,9.89005,9.0179,5.56489,3.81873,0.0,3.80309,7.05793,9.11132,12.8323,12.7447,11.8906,15.0127,17.1296,16.353,17.2196,20.2617,21.4741,20.8689,23.0626,25.4577,25.7219,26.5378,29.0377,27.4851,27.8131,24.504,26.1779,25.7525,21.9955,23.3451,24.8452,24.2129,27.2126,26.2001,22.9035,25.0252,27.3374,24.8976,23.398,27.0613,27.8422,24.8709,25.2752,28.1925,26.5194,23.7264,25.8282,26.6674,23.5625,21.6015,17.8105,17.768,19.6404,17.7146,14.4887,16.5905,18.0907,14.98,13.5685,17.0606,17.1653,14.3563,16.2583,19.3937,18.4719,17.5093,20.9333,22.4968,21.3261,19.9904,17.5991,14.6113,11.7718,9.87226,11.3513,13.9354,15.3513,15.7377,17.7747,19.7429,20.5103,21.8394,23.8423,25.4674,26.2154,28.1121,29.8169,31.1564,32.583,34.0106,35.9343,37.268,38.3375,40.2799,41.577,42.5814,44.0483,46.8968,48.3041
17.6464,15.7533,17.638,16.3095,15.7265,14.1002,11.7474,11.3116,10.5383,8.16068,5.97398,5.93422,5.33838,4.0638,5.31822,8.31745,10.25,10.3169,7.76199,6.4871,3.80309,0.0,3.78833,6.35427,10.0913,10.8864,9.82959,12.3535,14.938,14.7748,15.2342,17.9895,19.7516,19.4444,21.19,23.609,24.3885,25.153,27.284,25.3779,25.3219,21.9025,23.2068,22.7483,18.9156,19.941,21.3824,20.8621,24.0245,23.1277,19.976,22.2446,24.698,22.5009,21.2233,24.9575,25.9219,23.3017,23.8093,27.0263,25.6785,23.0535,25.5656,26.6768,23.4442,21.906,18.2367,17.7673,19.0633,17.2078,13.9233,15.2818,16.5374,13.405,11.4236,14.5283,14.7142,11.5113,12.9954,16.2361,15.3151,13.9602,17.3291,19.0713,17.8574,16.8806,14.6867,12.0857,9.81418,8.30487,9.82016,13.0242,13.8061,13.5739,16.1171,18.2524,18.397,19.6007,22.0571,23.6117,23.8972,25.9482,27.9566,29.01,30.1929,31.8983,33.9,34.9197,36.0227,38.2144,39.3656,40.1254,41.7552,44.6807,45.8609
14.0277,12.4766,14.8151,14.0295,13.8976,11.7505,9.34214,10.0792,9.36056,6.00504,4.99136,6.8197,5.70484,6.05577,6.12844,9.88532,12.1421,13.1763,10.9355,10.1983,7.05793,3.78833,0.0,3.80446,7.06798,8.10371,6.54127,8.64687,11.5091,11.6218,11.8033,14.3599,16.395,16.285,17.776,20.1399,21.2168,22.0109,23.8868,21.8669,21.6291,18.1609,19.4238,19.0584,15.2222,16.3284,17.9955,17.78,20.8415,19.675,16.6775,19.2633,21.5058,19.2501,18.3738,22.1646,22.961,20.5948,21.4746,24.7895,23.503,21.2399,24.1386,25.2079,21.802,20.5014,17.0826,16.0115,16.916,15.4864,12.1058,12.6278,14.0197,11.3111,8.57468,11.4001,12.2393,9.14188,9.87786,13.4074,13.18,11.6017,14.5659,16.7555,16.0776,15.5407,14.1134,11.8859,10.7577,8.98813,9.31849,13.0368,13.7914,12.5129,15.0069,17.6784,17.481,18.0368,20.7985,22.6743,22.4553,24.2628,26.6762,27.7363,28.4734,30.194,32.4924,33.307,34.1494,36.5703,37.8222,38.2902,39.8572,42.9579,44.0148
12.7448,11.4339,13.5865,12.4333,13.255,11.6323,8.3554,9.6383,10.3039,7.09186,5.39078,8.6252,8.86804,9.61428,9.64655,13.4367,15.8454,16.5433,13.9396,12.4342,9.11132,6.35427,3.80446,0.0,3.77563,5.25911,5.56947,7.37543,9.36063,10.3414,11.4246,13.2594,15.0329,15.7576,17.4472,19.1727,20.4758,21.8722,23.4271,21.6437,21.0206,17.3112,18.4117,18.7931,15.0171,15.8017,18.133,18.7059,21.7124,20.1347,17.6373,20.7148,22.5793,20.2001,20.0169,23.8045,24.2007,22.0876,23.5102,26.7511,25.2768,23.439,26.5291,27.2556,23.6648,22.15,18.9208,17.1764,18.3052,17.6044,14.02,13.9056,15.9056,13.8625,10.5413,12.9283,14.6158,11.734,11.3178,15.0678,15.3987,13.162,15.4939,18.3077,17.701,17.8981,16.7365,15.0629,14.1529,12.7399,12.9581,16.7325,17.4197,15.8127,18.2893,21.1382,20.6793,20.931,23.8913,25.8578,25.2774,26.9878,29.6654,30.6198,31.035,32.8461,35.3103,35.8868,36.5902,39.2161,40.4604,40.6544,42.2442,45.4633,46.3392
10.0192,9.34272,11.6192,10.8486,12.6302,11.0753,7.71722,10.1434,11.4293,8.3765,7.70725,11.422,11.7868,13.0701,12.8737,16.7283,19.1811,20.1699,17.6541,16.2017,12.8323,10.0913,7.06798,3.77563,0.0,3.77075,5.35361,5.42507,6.62507,8.842,10.1228,10.9371,12.7991,14.3133,15.7287,16.9079,18.664,20.391,21.4365,19.6958,18.6167,14.7911,15.617,16.5934,13.0259,13.5331,16.4007,17.6977,20.4865,18.5373,16.6185,20.0734,21.521,19.1683,19.701,23.3717,23.4562,21.7859,23.68,26.8795,25.4462,24.1171,27.4698,28.0356,24.3585,23.0037,20.1687,17.8258,18.6614,18.6117,15.1609,14.1155,16.2986,15.0113,11.3076,12.8488,15.2597,12.8185,11.2779,14.9525,16.0045,13.4465,14.8957,18.2098,18.0266,18.8733,18.3447,17.212,16.9612,15.6629,15.3871,19.2125,19.7716,17.5804,19.9318,23.0121,22.2222,21.9639,25.1209,27.2334,26.1737,27.666,30.6676,31.5229,31.4876,33.3483,36.0306,36.3264,36.7988,39.6535,40.92,40.774,42.3372,45.6939,46.3708
12.0752,12.321,15.0007,14.5287,16.365,14.5706,11.4,13.7445,14.6946,11.2904,10.4612,13.8442,13.6338,13.9668,12.8176,16.5842,19.5956,20.5937,17.7281,16.4449,12.7447,10.8864,8.10371,5.25911,3.77075,0.0,3.83158,5.45467,5.14934,6.19602,8.63054,9.85915,10.6806,12.0325,14.2179,15.2134,16.3443,18.3764,19.8177,18.6581,18.1353,14.4858,16.1292,17.2584,13.9437,15.2761,18.3065,19.5432,21.9175,19.5387,17.4935,20.936,21.9348,19.075,19.6384,23.2651,22.8446,20.8469,23.0179,25.8762,23.9707,22.8007,26.0221,26.1246,22.3743,20.6221,17.8971,15.2721,16.6272,17.0544,13.4782,12.6062,15.4837,14.6215,11.1088,13.1332,15.9175,14.0568,12.9467,16.5847,18.0086,16.0242,17.475,20.6712,20.8784,21.3301,20.8527,19.206,18.7158,16.7246,15.9206,19.6314,20.8815,18.7337,20.5238,23.8631,23.6082,23.0824,25.9081,28.4009,27.5805,28.6847,31.6267,32.8974,32.8484,34.3315,37.1809,37.7548,37.9522,40.6634,42.2393,42.1906,43.46,46.8783,47.7787
11.4433,11.7616,14.9867,15.1542,16.3453,13.8257,11.3363,13.7987,13.739,9.99302,10.0926,13.0061,11.7875,11.9865,10.3122,13.9975,17.0259,18.5961,16.1005,15.6052,11.8906,9.82959,6.54127,5.56947,5.35361,3.83158,0.0,3.74959,5.52376,5.10535,6.09145,8.50005,9.9579,10.2311,12.1476,14.017,15.0319,16.3619,18.1259,16.6195,16.5148,13.0397,15.0185,15.3582,11.9067,13.8496,16.4131,17.0709,19.3505,17.1073,14.5961,17.7963,18.9446,16.0206,16.1625,19.854,19.6382,17.4403,19.3786,22.3275,20.5555,19.191,22.4462,22.8048,19.1002,17.6522,14.875,12.4826,13.4173,13.496,9.99054,9.08775,11.7547,10.7955,7.31258,9.60732,12.3101,10.7583,10.0786,13.6126,15.1269,13.7603,15.3955,18.2476,18.7845,18.782,18.5229,16.6093,16.4099,14.0228,12.6309,16.2568,17.689,15.3758,16.8769,20.3265,20.2552,19.5631,22.2442,24.8773,24.1722,25.1262,28.0039,29.4471,29.4565,30.7791,33.6431,34.3833,34.5273,37.1255,38.8073,38.8911,40.0545,43.4479,44.4976
7.84084,8.80931,12.2917,13.1733,14.6938,12.0073,10.0178,13.2196,13.2649,9.79196,10.8932,14.1014,13.0381,14.1619,12.9453,16.5946,19.236,21.1313,19.002,18.5686,15.0127,12.3535,8.64687,7.37543,5.42507,5.45467,3.74959,0.0,3.86269,5.3614,5.0324,6.03877,8.63589,9.6324,10.514,12.1802,14.077,15.336,16.3741,14.4293,13.6597,9.96521,11.4769,12.0275,8.57009,10.2829,13.1457,14.3393,16.512,14.0937,12.099,15.6409,16.607,13.9675,14.7854,18.3527,18.1525,16.6253,18.8168,21.91,20.5507,19.62,23.1695,23.7153,20.0775,19.1952,16.8799,14.2349,14.3077,14.7,11.728,9.65853,11.7779,11.4442,7.72706,8.46163,11.6676,10.4284,8.46725,11.7812,13.8955,12.2463,13.0329,16.2385,17.1685,17.7651,18.1439,16.9011,17.4667,15.5227,13.9626,17.5605,18.4665,15.5873,17.1758,20.6578,20.0209,18.9221,21.903,24.4874,23.2241,24.101,27.2948,28.4712,28.0584,29.5611,32.55,32.9274,32.9584,35.8102,37.3914,37.1391,38.38,41.8642,42.6614
9.29381,11.0909,14.2594,15.0,17.2097,14.9743,12.6468,15.897,16.5626,13.2102,13.7178,17.1813,16.4663,17.2728,15.7951,19.4514,22.4053,24.0757,21.5875,20.8551,17.1296,14.938,11.5091,9.36063,6.62507,5.14934,5.52376,3.86269,0.0,3.84992,5.59127,5.11642,6.26581,8.49718,9.98323,10.4953,12.3,14.4294,15.2456,14.0568,13.2347,9.6223,11.4666,13.038,10.3189,12.012,15.3738,17.1472,18.8685,15.9606,14.5695,18.2225,18.5063,15.6168,17.033,20.3418,19.4711,18.075,20.7849,23.4858,21.7469,21.3057,24.8078,24.8104,21.1056,19.8912,17.9201,14.7281,15.2155,16.446,13.4947,11.2582,14.027,14.3541,10.867,11.5416,15.0619,14.1974,12.1637,15.2378,17.6294,15.9224,16.3097,19.6772,20.7347,21.5438,21.9652,20.7271,21.113,19.0435,17.4285,20.9738,22.1571,19.3077,20.6359,24.2277,23.7381,22.4307,25.2753,28.0373,26.7196,27.3268,30.588,31.8885,31.2647,32.6006,35.7458,36.0969,35.8748,38.7588,40.4836,40.0801,41.1572,44.7279,45.4995
12.1734,13.9348,17.3836,18.1814,19.9526,17.3622,15.163,18.1508,18.2528,14.5872,15.0343,18.0749,16.716,16.76,14.5251,17.8642,21.1355,22.9515,20.4227,20.1395,16.353,14.7748,11.6218,10.3414,8.842,6.19602,5.10535,5.3614,3.84992,0.0,3.80768,5.3446,5.1618,5.85247,8.45742,9.57153,10.2714,12.2271,13.9282,13.1899,13.4399,10.3565,13.1479,14.0913,11.5566,14.1315,17.0712,18.2374,19.6615,16.6836,14.7904,18.0959,18.1887,14.8298,15.8162,19.0943,17.9282,15.9673,18.7057,21.1023,18.9406,18.4612,21.7801,21.4806,17.7382,16.2489,14.3567,11.0245,11.8733,13.3987,10.4739,8.48682,11.8341,12.4747,9.51913,10.8064,14.2882,13.9684,12.7735,15.7015,18.1166,17.1204,17.8787,20.8371,22.1067,22.2925,22.642,20.8529,21.0333,18.3784,16.2791,19.5497,21.3419,18.655,19.397,23.1199,23.2176,21.7806,24.1928,27.2532,26.322,26.6051,29.6653,31.3952,30.9256,31.8577,35.0607,35.7928,35.399,38.0284,40.0371,39.88,40.6768,44.2288,45.3084
10.7194,12.6917,16.4209,17.8791,19.225,16.1697,14.7548,17.9136,17.372,13.8025,15.162,17.8986,16.0077,16.3891,14.1593,17.2743,20.2248,22.5776,20.572,20.8312,17.2196,15.2342,11.8033,11.4246,10.1228,8.63054,6.09145,5.0324,5.59127,3.80768,0.0,3.78679,5.57162,4.95263,6.08621,8.45501,9.6769,10.5378,12.1456,10.5941,10.9763,8.03818,10.9741,11.0795,8.5772,11.6963,14.1709,14.988,16.1716,13.2395,11.1556,14.3494,14.4393,11.0893,12.0639,15.3642,14.4091,12.6153,15.3103,17.9367,16.1958,15.7663,19.3248,19.4642,15.8282,15.0944,13.4489,10.3797,10.0092,11.3266,8.98739,5.99545,8.70809,9.84951,7.0925,7.43257,11.1144,11.4694,10.1374,12.5555,15.3236,14.8377,15.2949,17.9778,19.6967,19.764,20.5875,18.9592,19.722,17.0877,14.5167,17.5624,19.1755,16.1293,16.5943,20.3645,20.327,18.5269,20.9257,24.0585,22.9462,23.0396,26.1935,27.9231,27.2937,28.177,31.4426,32.1304,31.6469,34.3045,36.3368,36.133,36.8918,40.4588,41.5352
9.10294,11.9807,15.5273,17.3637,19.2348,16.4213,15.1722,18.7072,18.6181,15.3532,16.8846,19.9814,18.5239,19.4151,17.553,20.8187,23.628,25.9501,23.9322,23.911,20.2617,17.9895,14.3599,13.2594,10.9371,9.85915,8.50005,6.03877,5.11642,5.3446,3.78679,0.0,3.86741,5.45273,5.25799,6.22452,8.72673,10.14,10.5563,8.97189,8.35904,5.0272,7.93132,9.07925,7.30421,10.066,13.0621,14.7551,15.5735,12.224,11.2237,14.7199,14.2337,11.2054,13.2633,16.1478,14.8708,13.9853,17.0636,19.5496,18.0714,18.2643,21.9144,21.955,18.4605,17.989,16.8097,13.5199,12.8502,14.6149,12.6524,9.34491,11.5264,13.0764,10.2773,9.55052,13.3806,13.8099,11.5484,13.6169,16.783,15.9045,15.5195,18.5388,20.4873,21.1861,22.3872,21.2981,22.3898,20.126,17.7173,20.8046,22.0396,18.7342,19.3437,23.0478,22.5668,20.5126,23.1101,26.1489,24.5598,24.5528,27.9587,29.4313,28.3678,29.3814,32.7654,33.0813,32.4257,35.322,37.274,36.6891,37.4746,41.1366,41.9384
12.6278,15.5064,18.9214,20.4409,22.5556,19.9202,18.262,21.6794,21.8177,18.377,19.382,22.5408,21.1137,21.4782,19.2074,22.3699,25.5317,27.6707,25.343,25.2412,21.4741,19.7516,16.395,15.0329,12.7991,10.6806,9.9579,8.63589,6.26581,5.1618,5.57162,3.86741,0.0,3.7939,5.38774,4.74965,6.11132,8.73494,9.52789,9.44013,9.664,7.37147,10.6271,12.1857,11.0304,13.7698,16.7929,18.4823,19.0051,15.5018,14.6074,17.8521,16.8964,13.571,15.6225,18.2204,16.2758,15.1401,18.5224,20.435,18.3718,18.9236,22.3211,21.6994,18.1969,17.2486,16.4421,12.7657,12.7201,15.2428,13.3346,10.3723,13.2318,15.1117,12.6462,12.5493,16.3343,16.9109,15.0834,17.2239,20.3333,19.5641,19.3628,22.3333,24.2522,24.7813,25.7991,24.3986,25.1432,22.5574,20.0498,23.0402,24.7365,21.6322,21.9237,25.7141,25.6376,23.5428,25.8321,29.0805,27.7258,27.4598,30.7427,32.5042,31.4565,32.1586,35.6272,36.1427,35.2684,38.0172,40.1963,39.667,40.1988,43.8811,44.832
14.4244,17.0325,20.7008,22.3298,23.9464,20.9445,19.5399,22.7734,22.3244,18.745,19.9337,22.6624,20.6631,20.6026,17.8942,20.6264,23.8148,26.2076,24.0984,24.5215,20.8689,19.4444,16.285,15.7576,14.3133,12.0325,10.2311,9.6324,8.49718,5.85247,4.95263,5.45273,3.7939,0.0,3.80577,5.28508,4.96535,6.39239,8.56603,8.5215,10.0816,8.50148,12.2022,12.6726,11.5436,14.9096,17.3342,18.2927,18.5928,15.2492,13.7837,16.5351,15.5242,11.8571,13.3468,15.8643,13.7686,12.0712,15.4214,17.1088,14.7839,15.3245,18.6235,17.9099,14.4137,13.5717,13.0426,9.41241,9.04259,11.8637,10.4611,7.48733,10.3935,12.731,11.0429,11.1013,14.6234,15.7903,14.6608,16.4885,19.5517,19.4643,19.5574,22.0595,24.1676,24.1438,25.1848,23.4325,24.1753,21.238,18.3086,20.9004,22.965,19.9728,19.6976,23.5077,23.8725,21.633,23.5047,26.9613,25.92,25.3579,28.4365,30.5393,29.6344,29.9846,33.4661,34.3111,33.319,35.8225,38.2201,37.9358,38.2423,41.8767,43.1046
13.2612,16.2411,19.8763,22.0898,23.5864,20.4333,19.6799,23.1122,22.4287,19.1315,20.9563,23.6208,21.5078,21.947,19.5094,22.1679,24.9911,27.7204,25.9912,26.6109,23.0626,21.19,17.776,17.4472,15.7287,14.2179,12.1476,10.514,9.98323,8.45742,6.08621,5.25799,5.38774,3.80577,0.0,3.78803,5.26474,5.13355,6.1129,4.89811,6.56318,5.75333,9.51192,9.53897,9.30646,12.7881,14.8386,15.8573,15.5893,12.1003,11.2022,13.8057,12.2721,8.78372,11.0548,13.1664,10.9413,10.1561,13.7273,15.5016,13.8596,14.877,18.3939,18.1032,14.92,15.0254,14.9089,11.6918,10.0742,12.6779,12.0097,8.38568,10.0356,12.9123,11.4794,10.2413,13.7279,15.4539,13.8619,14.9412,18.3882,18.5451,17.9843,20.3103,22.8655,23.0502,24.6323,23.3056,24.6286,21.958,18.8617,21.2598,22.9225,19.5835,19.1652,22.8878,22.8908,20.2359,22.1525,25.5717,24.1211,23.3094,26.5817,28.5269,27.2304,27.5861,31.178,31.7706,30.5857,33.2384,35.6109,35.0675,35.3409,39.037,40.1072
14.208,17.5841,20.967,23.1388,25.127,22.2891,21.3082,24.8945,24.6996,21.456,23.0382,26.0348,24.2947,24.8283,22.4738,25.3433,28.304,30.8382,28.8546,29.1394,25.4577,23.609,20.1399,19.1727,16.9079,15.2134,14.017,12.1802,10.4953,9.57153,8.45501,6.22452,4.74965,5.28508,3.78803,0.0,3.8078,5.61302,4.97718,5.47428,6.30223,6.06032,9.50601,10.7812,11.1754,14.0846,16.5771,18.2593,17.8156,14.1153,14.0166,16.7632,14.849,11.7553,14.5153,16.2532,13.6898,13.4421,17.1412,18.5458,16.8143,18.2396,21.594,20.9047,17.8325,17.6768,17.7929,14.2948,13.1911,16.1388,15.285,11.8486,13.802,16.5696,14.8126,13.6738,17.2889,18.7388,16.7565,17.9741,21.498,21.2444,20.3747,23.0024,25.5189,26.0883,27.6884,26.5362,27.794,25.222,22.3099,24.8826,26.4955,23.1307,22.891,26.6122,26.4728,23.8155,25.8228,29.191,27.5632,26.7282,30.0835,31.9141,30.4017,30.7898,34.4354,34.8332,33.5092,36.2615,38.6165,37.8326,38.0605,41.8035,42.7102
17.4774,20.614,24.1327,26.0629,27.9414,25.0116,23.7928,27.2092,26.8809,23.4122,24.708,27.5392,25.5684,25.5469,22.7689,25.3385,28.5194,30.9976,28.9144,29.3825,25.7219,24.3885,21.2168,20.4758,18.664,16.3443,15.0319,14.077,12.3,10.2714,9.6769,8.72673,6.11132,4.96535,5.26474,3.8078,0.0,3.79446,5.21205,7.35001,9.51952,9.64097,13.2316,14.0932,14.2628,17.4686,19.7965,21.0519,20.5623,16.9836,16.4054,18.794,16.8172,13.4172,15.5897,17.1566,14.1989,13.3257,17.0341,17.8437,15.4887,17.115,20.0975,18.8092,15.8303,15.3373,15.9341,12.4015,11.6799,15.1496,14.6032,11.6823,13.9781,16.9368,15.692,15.1559,18.5751,20.2211,18.8523,20.1599,23.5263,23.587,23.1329,25.5601,28.0363,28.1876,29.5768,28.0027,28.9605,26.0225,22.9257,25.2488,27.3427,24.2359,23.5846,27.3327,27.7099,25.0696,26.6634,30.2362,29.0064,27.9347,31.0379,33.2443,31.9232,31.9323,35.5855,36.3447,34.8825,37.354,39.9645,39.424,39.3783,43.0733,44.2686
18.3077,21.3561,24.9742,27.2192,28.6952,25.4865,24.7442,28.1075,27.2878,23.9164,25.6228,28.1205,25.7494,25.7186,22.8579,25.0515,27.9885,30.7976,29.1064,30.0275,26.5378,25.153,22.0109,21.8722,20.391,18.3764,16.3619,15.336,14.4294,12.2271,10.5378,10.14,8.73494,6.39239,5.13355,5.61302,3.79446,0.0,3.85382,5.66498,9.00488,10.0332,13.5718,13.4532,14.0462,17.5146,19.1833,19.903,18.9558,15.5977,14.9522,16.6982,14.402,11.0751,13.071,14.0907,10.8459,10.1436,13.8721,14.34,12.1906,14.2631,17.1958,16.0755,13.4283,13.7517,14.8998,11.8783,10.1062,13.5462,13.9123,10.9022,12.3018,15.7443,15.2553,14.2368,17.2293,19.5078,18.4305,19.1105,22.5184,23.1643,22.6073,24.5583,27.3379,27.2029,28.8624,27.2935,28.5399,25.5576,22.1551,24.0246,26.1198,22.9824,21.8383,25.4552,25.9639,23.0385,24.2696,27.9224,26.7318,25.2793,28.27,30.6383,29.2189,28.923,32.6143,33.4915,31.8225,34.1493,36.9122,36.426,36.1655,39.8338,41.1615
17.7418,21.1516,24.5321,27.0869,28.7747,25.7082,25.2295,28.7956,28.1675,25.0288,26.9735,29.6759,27.5335,27.9657,25.4113,27.8356,30.6225,33.4876,31.8412,32.5867,29.0377,27.284,23.8868,23.4271,21.4365,19.8177,18.1259,16.3741,15.2456,13.9282,12.1456,10.5563,9.52789,8.56603,6.1129,4.97718,5.21205,3.85382,0.0,3.83256,6.60563,8.78395,11.7562,12.0444,13.5668,16.5967,18.2559,19.4706,18.1002,14.5894,14.907,16.707,13.9142,11.1993,14.075,14.6604,11.3811,11.9262,15.6643,16.2054,14.7637,17.0966,20.1236,19.2758,16.8638,17.5034,18.5899,15.5513,13.6148,16.7864,17.0488,13.667,14.7062,18.13,17.3025,15.6365,18.7406,21.0015,19.3122,19.6908,23.341,23.7689,22.6038,24.6665,27.6438,27.9647,29.9584,28.8358,30.4105,27.7335,24.4402,26.443,28.1363,24.7392,23.8169,27.3641,27.4121,24.3026,25.7657,29.2595,27.6106,26.1123,29.3277,31.3827,29.5512,29.4146,33.1744,33.6502,31.8326,34.3956,37.0303,36.1533,35.9323,39.6693,40.694
14.9046,18.2095,21.5714,24.3584,25.7827,22.6148,22.533,26.0829,25.2367,22.3132,24.6188,27.1871,25.0067,25.7941,23.5399,25.9974,28.4907,31.4981,30.1074,30.9236,27.4851,25.3779,21.8669,21.6437,19.6958,18.6581,16.6195,14.4293,14.0568,13.1899,10.5941,8.97189,9.44013,8.5215,4.89811,5.47428,7.35001,5.66498,3.83256,0.0,3.7788,6.15877,8.92279,8.46144,10.1864,13.2463,14.5795,15.6775,14.2764,10.7663,11.1883,13.0408,10.3315,7.72982,11.0004,11.7891,9.0388,10.0161,13.6114,14.877,14.0772,15.9803,19.3548,19.2319,16.7075,17.7112,18.3202,15.508,13.1004,15.6275,15.8432,12.1671,12.5718,15.8664,14.977,12.7186,15.7094,18.039,16.1392,16.1807,19.8962,20.3951,19.0191,20.9668,24.0473,24.4574,26.6455,25.7829,27.6488,25.2319,22.0001,24.0127,25.3302,21.7774,21.0301,24.4963,24.209,21.0576,22.7607,26.1033,24.2192,22.8846,26.2594,28.0737,26.1869,26.3323,30.0648,30.3577,28.7244,31.4695,33.9108,32.978,33.0125,36.7719,37.6655
12.3702,15.917,18.9718,21.9462,23.5899,20.671,20.7607,24.4348,23.8952,21.2654,23.6889,26.4652,24.682,25.9734,24.1672,26.946,29.2907,32.191,30.7723,31.2689,27.8131,25.3219,21.6291,21.0206,18.6167,18.1353,16.5148,13.6597,13.2347,13.4399,10.9763,8.35904,9.664,10.0816,6.56318,6.30223,9.51952,9.00488,6.60563,3.7788,0.0,3.85664,5.49641,5.8777,8.27219,10.5963,12.224,14.0962,12.8207,9.13742,10.4749,12.8532,10.4272,8.60832,12.2909,13.3341,11.3564,12.7135,16.0185,17.7835,17.3538,18.9059,22.4505,22.6339,19.9714,20.8456,20.9843,18.0555,15.8759,18.0279,17.7158,13.9059,14.3194,17.1086,15.5858,13.0094,16.1332,17.9769,15.3932,15.4535,19.2319,19.1942,17.3257,19.6048,22.619,23.6004,25.9159,25.5161,27.559,25.5513,22.6644,24.9944,25.8411,22.132,21.9555,25.3476,24.5136,21.5025,23.6893,26.7277,24.4462,23.4965,27.0957,28.4377,26.3864,27.0197,30.676,30.5358,29.1149,32.1639,34.2674,33.0481,33.4249,37.2063,37.7379
9.02672,12.5757,15.8051,18.5124,20.2902,17.4333,17.1675,20.8688,20.5568,17.8229,20.0598,22.9993,21.4606,22.8496,21.2358,24.2898,26.7013,29.3754,27.7776,27.9974,24.504,21.9025,18.1609,17.3112,14.7911,14.4858,13.0397,9.96521,9.6223,10.3565,8.03818,5.0272,7.37147,8.50148,5.75333,6.06032,9.64097,10.0332,8.78395,6.15877,3.85664,0.0,3.7886,5.09406,5.65425,8.1576,10.6713,12.8194,12.619,8.93114,9.44374,12.6721,11.3206,9.07639,12.2524,14.2989,12.9182,13.3915,16.5545,18.8934,18.1772,19.0312,22.7463,23.0539,19.982,20.3649,19.8221,16.7677,15.0953,16.9162,15.8593,12.1244,13.0482,15.2192,13.0152,10.8103,14.2935,15.4556,12.6441,13.4578,17.0963,16.5297,15.0111,17.7699,20.368,21.4592,23.4187,22.9481,24.7465,22.8236,20.2352,22.9623,23.743,20.092,20.4473,23.9496,23.0223,20.4293,23.005,25.9429,23.7848,23.3982,27.0256,28.2495,26.5788,27.5824,31.0997,31.0101,30.0343,33.1361,35.0446,34.0256,34.7346,38.474,39.0073
7.55538,11.2172,13.8655,16.9721,18.8126,16.2548,16.5165,20.235,20.1036,17.9307,20.43,23.3755,22.1945,24.1351,23.0463,26.187,28.2643,30.9085,29.4825,29.5328,26.1779,23.2068,19.4238,18.4117,15.617,16.1292,15.0185,11.4769,11.4666,13.1479,10.9741,7.93132,10.6271,12.2022,9.51192,9.50601,13.2316,13.5718,11.7562,8.92279,5.49641,3.7886,0.0,3.80103,5.36617,6.00297,8.53209,11.4913,11.27,7.89809,9.57574,12.7506,11.6485,10.5576,13.8407,15.6378,14.8383,15.9148,18.7137,21.2582,21.0587,21.832,25.5814,26.2212,23.2625,23.8464,23.159,20.2602,18.4854,19.9217,18.8183,15.1599,15.6156,17.3871,15.0324,12.4231,15.5078,16.3479,12.9983,13.3983,16.9333,15.9778,13.7375,16.5997,19.194,20.8856,23.1116,23.256,25.3723,23.9764,21.7314,24.4983,24.7119,20.9769,21.7254,24.962,23.4749,20.9665,23.8343,26.3882,23.8112,23.6742,27.4319,28.1599,26.2514,27.6458,31.0473,30.4996,29.666,33.0103,34.5866,33.2557,34.2406,37.9597,38.1273
8.4607,11.4801,14.3205,17.6631,18.7809,15.7894,16.6614,20.1813,19.3495,17.2897,20.2432,22.7282,21.0863,23.0349,21.9366,24.7273,26.5045,29.4429,28.4199,28.9023,25.7525,22.7483,19.0584,18.7931,16.5934,17.2584,15.3582,12.0275,13.038,14.0913,11.0795,9.07925,12.1857,12.6726,9.53897,10.7812,14.0932,13.4532,12.0444,8.46144,5.8777,5.09406,3.80103,0.0,3.87958,5.37632,6.35052,8.47993,7.77264,4.1858,6.13371,9.01328,7.98047,7.40246,10.5969,12.2293,11.9868,13.3272,15.7075,18.4358,18.7335,19.3679,23.0888,24.1491,21.4269,22.4879,21.8755,19.4321,17.1237,18.1079,17.5068,13.8924,13.4588,15.2961,13.5379,10.3009,12.8598,14.2665,11.166,10.6817,14.3644,14.1253,11.7504,14.0222,17.0558,18.4007,20.957,21.1365,23.5892,22.2122,19.7468,22.1293,22.1958,18.3876,18.8417,21.9188,20.3856,17.6335,20.3815,22.9165,20.264,19.9605,23.7268,24.4762,22.5102,23.8471,27.2636,26.7692,25.9127,29.2313,30.8451,29.6009,30.5629,34.2775,34.5504
