0.0,3.79381,6.35949,9.83471,12.7456,15.2884,14.9695,14.8722,11.4743,12.3847,11.0633,13.2471,14.986,17.8854,20.7723,24.3753,24.005,22.888,19.82,18.9429,16.4318,15.6899,14.7378,12.5825,15.5331,15.8744,19.5327,20.319,21.593,21.6945,20.2489,22.5702,22.7165,25.2655,28.3611,27.8786,29.6455,28.785,31.1444,32.5086,34.2915,32.8773,34.134,34.8686,33.0856,32.7561,29.8823,30.3401,28.3016,29.1836,32.0199,33.4706,33.2938,32.367,33.4889,30.9184,31.0991,29.3169,28.0759,27.2942,25.5145,23.7106,21.0968,18.0478,15.0602,11.8917,9.73273,11.0701,11.3988,15.1186,16.5953,20.243,21.6972,23.7837,23.3925,25.7808,26.9092,28.8491,29.526,26.2573,25.5729,21.8026,20.0105,18.1262,15.9625,17.3824,17.1687,18.9299,15.9873,13.1021,14.5326,14.5302,10.9247,10.6222,9.21584,10.6435,12.002,12.6491,15.3562
3.79381,0.0,3.79262,6.55732,9.83515,12.472,12.929,13.3558,10.4196,12.4303,12.263,15.1627,17.1796,20.4477,23.1519,26.8594,26.7124,25.2416,22.0348,20.5907,17.5791,16.4351,14.6579,12.3734,14.7856,14.7611,18.2375,19.705,21.3404,22.0045,20.9302,23.1204,23.5884,26.0228,29.3861,29.3632,31.5029,30.801,33.3896,34.6614,36.1718,34.4226,35.3486,35.7394,33.6263,32.8862,29.737,29.7191,27.402,27.8449,30.8184,32.5609,32.786,32.2351,33.745,31.5182,32.129,30.4932,29.6934,29.0658,27.664,25.958,23.7002,20.5487,17.8965,14.4127,12.7371,14.591,14.6178,18.181,19.1436,22.5917,23.5351,25.248,24.7307,26.7319,27.928,29.4866,29.7802,26.2794,25.3367,21.7124,20.4741,18.3318,16.5634,17.5442,17.2735,19.6867,17.2549,13.8972,15.3851,16.2712,13.0403,11.9848,9.62244,9.71211,9.8723,9.85638,12.0487
6.35949,3.79262,0.0,3.77702,6.39894,9.0828,9.22894,9.61622,6.96947,9.51315,10.3283,13.7117,16.0391,19.6183,22.1751,25.9217,25.9023,23.9734,20.6466,18.6714,15.2937,14.0144,11.8296,10.0284,12.3849,12.929,16.0497,17.6387,19.8334,20.4693,19.2492,20.9762,21.3664,23.4993,27.0285,27.3222,29.7929,29.4221,32.3115,33.7003,35.0827,33.114,33.9325,33.9692,31.7712,30.7263,27.4721,27.2658,24.6718,24.861,27.6881,29.6543,30.104,29.5891,31.3578,29.3428,30.2932,29.0247,28.5747,28.3968,27.42,25.4695,23.5281,20.1346,17.7928,14.0542,12.827,15.5099,15.5799,18.8651,19.5307,22.7026,23.2289,24.423,23.4237,24.9753,25.902,27.0761,26.9956,23.4059,22.1507,18.6319,17.8605,15.8844,14.7845,15.9607,16.3548,19.0877,16.8451,13.5773,15.8079,17.0322,14.0145,13.4303,10.3585,10.4231,9.7716,10.3311,12.0651
9.83471,6.55732,3.77702,0.0,3.83716,6.12211,7.64692,9.13022,7.908,11.1744,12.9709,16.5144,19.0427,22.7324,25.1682,28.8999,28.9492,26.7376,23.3376,21.0127,17.3811,16.0129,13.3075,11.8706,13.4655,13.7971,16.358,18.574,21.1431,22.2013,21.2591,22.6714,23.2147,25.0511,28.7341,29.4066,32.1615,32.0233,35.0918,36.4694,37.6596,35.4573,36.0259,35.7198,33.2917,31.8466,28.3984,27.709,24.8044,24.4214,27.2483,29.5798,30.4944,30.3249,32.4768,30.836,32.186,31.1552,31.0824,31.1048,30.4345,28.5137,26.82,23.3902,21.2534,17.4702,16.4019,19.2301,19.3003,22.4962,22.9431,25.9418,26.1336,26.9892,25.8219,26.9561,27.8009,28.5367,28.0019,24.2922,22.6685,19.4654,19.3977,17.4528,16.9432,17.7882,18.2599,21.3907,19.5964,16.2277,18.4269,20.1331,17.3932,16.4667,13.1117,12.2511,10.4083,10.1651,10.6749
12.7456,9.83515,6.39894,3.83716,0.0,3.83043,5.29572,6.43729,6.51921,10.1918,12.9179,16.6109,19.0108,22.7984,24.8519,28.5132,28.8531,26.3466,23.0567,20.2426,16.4638,14.7476,11.5779,10.667,11.5565,12.2243,14.076,16.4714,19.4749,20.6321,19.7941,20.7557,21.4257,22.9852,26.7602,27.8636,30.9106,30.9849,34.2453,35.5756,36.5129,34.0614,34.3979,33.7267,31.1638,29.3907,25.8569,24.8862,21.7592,21.0585,23.7802,26.3068,27.4862,27.4905,29.9139,28.5972,30.3146,29.6032,29.955,30.3326,30.1252,28.1641,26.907,23.4595,21.8134,18.0346,17.6112,20.8374,20.6813,23.4874,23.5006,26.1081,25.8118,26.1321,24.6471,25.2689,25.9704,26.2734,25.373,21.616,19.8037,16.919,17.4352,15.5574,15.7559,16.4546,17.4049,20.7461,19.3757,16.2401,18.8089,20.8434,18.5217,17.8382,14.1876,13.2767,10.978,11.4145,11.5801
15.2884,12.472,9.0828,6.12211,3.83043,0.0,3.77698,6.84095,8.46032,11.523,14.5866,18.0276,20.8519,24.5859,26.7761,30.3353,30.4071,27.6057,24.1757,21.3041,17.4903,16.3615,13.4779,13.4866,14.4407,15.5556,16.9281,19.2649,22.541,23.5232,22.4356,22.885,23.1658,24.1807,27.9459,29.1073,32.2819,32.77,36.197,37.7847,38.8051,36.3679,36.7793,35.8854,33.4043,31.4351,27.9335,26.817,23.4366,22.302,24.6344,27.5054,28.9889,28.9612,31.587,30.4464,32.3529,32.0108,32.4614,33.1531,33.0451,30.8282,29.5423,25.9673,24.2284,20.5048,19.7961,23.1595,23.4656,26.2984,26.5496,29.1418,28.8857,29.0306,27.2047,27.5479,27.8149,27.7606,26.4197,22.7556,20.3741,17.7993,18.9197,17.6731,18.4661,19.4991,20.837,24.1165,22.6767,19.741,22.4914,24.3699,21.9068,21.459,17.8721,17.0803,14.7217,14.7827,14.3293
14.9695,12.929,9.22894,7.64692,5.29572,3.77698,0.0,3.80186,6.12736,8.41934,11.7432,14.9742,17.8784,21.5405,23.6911,27.148,27.1425,24.1848,20.7679,17.8117,14.0218,13.2068,10.7027,11.5653,12.984,14.9669,16.3031,17.9828,21.367,21.7814,20.2078,20.3021,20.1494,20.9191,24.6311,25.6749,28.8499,29.5414,33.0443,34.8236,35.9725,33.6504,34.279,33.3972,31.1656,29.3352,26.0117,25.2516,21.9081,21.0823,23.1121,25.8642,27.0913,26.6551,29.1288,27.82,29.6302,29.4987,29.8638,30.8199,30.7631,28.2795,27.0177,23.3767,21.739,18.1544,17.5954,21.1867,21.6855,24.2727,24.6058,27.0569,26.8456,26.8528,24.7086,24.9743,24.8899,24.8178,23.4651,19.9071,17.3691,14.6632,15.8133,15.0914,16.2537,17.8637,19.7736,22.7414,21.0685,18.5711,21.7354,23.247,20.7598,20.9655,17.5099,17.4941,15.7442,16.5919,16.8623
14.8722,13.3558,9.61622,9.13022,6.43729,6.84095,3.80186,0.0,3.80398,5.83505,9.54435,12.832,15.2426,18.9155,20.6763,24.1013,24.452,21.5077,18.3258,15.0853,11.2938,9.87552,7.09334,8.39626,9.70323,12.2448,13.4141,14.6196,18.0445,18.2056,16.5337,16.5086,16.4475,17.3572,21.1142,22.2975,25.5375,26.1197,29.6347,31.2883,32.3088,29.9116,30.4905,29.5973,27.3907,25.6318,22.3668,21.8195,18.5993,18.1621,20.205,22.6984,23.6539,23.0645,25.4256,24.0428,25.8431,25.7277,26.1905,27.2554,27.3981,24.941,23.9623,20.4038,19.1999,15.7276,15.8718,19.5976,19.7117,21.8888,21.8575,24.0015,23.5345,23.3023,21.0487,21.1954,21.1479,21.1106,19.9057,16.2945,14.0228,11.1134,12.1382,11.3284,12.7504,14.4559,16.7324,19.5487,18.0104,15.8701,19.2716,20.7644,18.62,19.176,15.7745,16.183,14.8318,16.5202,17.3931
11.4743,10.4196,6.96947,7.908,6.51921,8.46032,6.12736,3.80398,0.0,3.81331,6.78052,10.4573,12.7078,16.4917,18.468,22.0855,22.4276,19.8642,16.6575,13.7771,10.0397,8.32513,5.63017,5.74007,8.17477,10.5738,12.7127,13.6126,16.5657,16.5838,14.8109,15.5318,15.5843,17.1955,20.8735,21.6162,24.5336,24.6625,27.9567,29.5136,30.7056,28.4959,29.2595,28.8179,26.7058,25.3866,22.2008,22.0756,19.2526,19.4607,21.8157,23.8528,24.3153,23.5325,25.4744,23.6445,24.9781,24.3673,24.3983,25.0443,24.7885,22.421,21.1302,17.556,16.0724,12.4307,12.4972,16.1207,16.0771,18.4329,18.529,20.959,20.8155,21.0695,19.1864,19.9714,20.315,20.9491,20.4346,16.84,15.2667,11.8075,11.5992,10.1973,10.5298,12.4197,14.3439,16.997,15.0379,12.7029,16.0676,17.3174,14.9492,15.5812,12.3212,13.1955,12.5118,14.5109,16.1158
12.3847,12.4303,9.51315,11.1744,10.1918,11.523,8.41934,5.83505,3.81331,0.0,3.79217,7.04416,9.51471,13.2103,15.3078,18.8329,18.9418,16.2188,12.939,10.0629,6.3053,5.38379,4.44341,6.24156,9.37073,12.4917,14.497,14.4182,17.1659,16.3153,13.7794,14.0882,13.3183,14.6886,18.1906,18.5182,21.304,21.6491,24.997,26.8719,28.3552,26.4192,27.5844,27.2962,25.6152,24.6281,21.802,22.2405,19.6546,20.302,22.2186,23.9837,24.0347,22.6753,24.257,22.0902,23.1082,22.694,22.4226,23.3403,22.9935,20.2202,18.797,15.113,13.6207,10.2877,10.4544,14.266,14.6431,16.6438,17.0437,19.3426,19.4608,19.6928,17.4461,18.3209,18.1639,18.9821,18.6605,15.3721,13.8165,10.1222,9.39651,9.02606,9.62496,12.501,14.9991,16.9441,14.5498,13.0349,16.67,17.1851,14.7666,16.299,13.613,15.3862,15.4438,17.7366,19.6745
11.0633,12.263,10.3283,12.9709,12.9179,14.5866,11.7432,9.54435,6.78052,3.79217,0.0,3.76683,6.35895,10.0547,12.6397,16.2597,16.0842,13.7694,10.4422,8.38686,5.39209,5.36996,6.34698,7.25452,10.9271,13.7983,16.2826,15.6403,17.7275,16.3802,13.5007,14.2779,13.1749,14.9412,18.0424,17.6376,19.8872,19.9061,22.98,24.9564,26.7986,25.2652,26.8276,27.0478,25.7201,25.2928,22.7852,23.7624,21.6289,22.8071,24.7212,26.0623,25.6152,23.9082,24.9478,22.3071,22.6964,21.9376,21.0406,21.6569,20.7919,17.8824,15.9471,12.2012,10.1883,6.92075,6.79537,10.6162,11.2905,13.3018,14.2217,16.7883,17.5237,18.3066,16.3247,17.8811,17.8044,19.302,19.6577,16.7196,15.7588,11.9708,10.0963,9.85106,9.36724,12.6678,14.8899,16.1455,13.1262,12.0341,15.5115,15.2212,12.5301,14.6896,12.7373,15.3069,16.248,18.667,21.1248
13.2471,15.1627,13.7117,16.5144,16.6109,18.0276,14.9742,12.832,10.4573,7.04416,3.76683,0.0,3.79757,6.91415,9.98114,13.3837,12.6826,10.4051,6.95277,5.85836,4.50976,6.36839,8.97159,10.3082,13.8065,16.7902,19.129,17.8907,19.6085,17.6131,14.2815,14.7571,12.8777,14.3573,16.8929,15.7463,17.5108,17.6504,20.5892,22.9243,25.1694,24.0933,26.1283,26.635,25.8283,25.8364,23.7815,25.2552,23.4433,24.9527,26.5181,27.5606,26.7277,24.5526,25.1243,22.164,22.056,21.4071,20.037,20.7959,19.6804,16.3999,14.1636,10.4915,8.31738,6.20609,5.99243,9.37649,10.7151,12.1053,13.5637,15.9206,17.1242,18.0329,15.9145,17.684,17.1492,18.957,19.6639,17.2797,16.5537,12.9871,10.6418,11.3456,10.8663,14.5105,16.8674,17.3524,14.0759,13.8702,17.1744,16.1057,13.5453,16.3815,15.1575,18.1898,19.572,22.0691,24.6955
14.986,17.1796,16.0391,19.0427,19.0108,20.8519,17.8784,15.2426,12.7078,9.51471,6.35895,3.79757,0.0,3.79327,6.44189,10.0544,9.97113,8.26601,5.80977,5.35588,5.8385,6.67845,9.80238,10.7555,13.8233,16.6546,18.8574,16.9572,18.0602,15.563,12.0857,12.7767,10.8826,12.8661,14.9438,13.4629,14.8278,14.4148,17.1486,19.3203,21.6096,20.6925,22.8892,23.7286,23.1776,23.6371,21.9386,23.8735,22.5847,24.6176,26.1335,26.6626,25.3456,22.9543,23.0277,19.7738,19.1842,18.2661,16.5567,17.2078,15.9997,12.6409,10.4539,6.82256,5.34308,4.51967,6.28468,8.82738,9.29184,9.54823,10.6153,12.5139,13.7786,14.7499,12.7651,14.924,14.5776,16.9397,18.3269,16.3242,16.4408,13.0845,9.91616,10.5485,9.51506,13.1253,15.4355,15.1481,11.8612,12.6202,15.7161,14.1848,12.2763,15.6132,14.9969,18.3923,20.2571,23.152,26.0953
17.8854,20.4477,19.6183,22.7324,22.7984,24.5859,21.5405,18.9155,16.4917,13.2103,10.0547,6.91415,3.79327,0.0,3.8102,6.89191,6.33158,5.53577,4.56041,6.32503,8.60153,9.91632,13.3064,14.2957,17.0997,19.8238,21.8796,19.5688,20.2048,17.2637,13.7276,14.2136,11.9099,13.6006,14.7499,12.4048,12.8158,12.2024,14.4979,16.9642,19.7058,19.4125,22.1011,23.3541,23.3988,24.393,23.2399,25.6253,24.7559,27.0933,28.3365,28.4994,26.7841,24.0411,23.5482,20.0337,18.7909,17.8797,15.5802,16.2488,14.7249,11.1101,8.65684,5.80859,5.04153,6.75354,8.35656,9.50495,10.1477,9.22147,10.5989,11.8586,13.6081,14.7164,12.8869,15.2626,14.6078,17.3357,19.2021,17.8791,18.3941,15.4637,12.1495,13.2488,12.1941,15.5973,17.7719,16.7378,13.5306,15.0613,17.7236,15.5662,14.0923,17.7513,17.7818,21.3879,23.5666,26.5172,29.6022
20.7723,23.1519,22.1751,25.1682,24.8519,26.7761,23.6911,20.6763,18.468,15.3078,12.6397,9.98114,6.44189,3.8102,0.0,3.76028,5.31986,5.25368,6.44286,7.61006,10.362,10.9597,14.3427,15.3815,17.5189,20.1804,21.7619,18.9288,19.1489,15.7855,12.2921,12.4581,10.1115,11.8529,12.2875,9.73299,9.71752,8.54215,10.8396,13.219,15.9192,15.7087,18.5524,19.9589,20.3457,21.7013,21.0155,23.7792,23.3914,26.0832,27.0891,26.7932,24.6858,21.7339,20.7731,17.115,15.4573,14.5807,12.1172,13.1272,12.0013,8.20101,6.73909,5.00642,6.74053,9.00205,11.5374,12.4593,12.1964,10.2403,10.4662,10.4375,11.6272,12.1746,10.1946,12.4895,11.7268,14.7776,17.1716,16.4159,17.63,15.22,11.714,12.9733,12.0859,15.1256,17.4108,15.794,13.1555,15.5071,17.9856,15.8575,15.2788,18.9679,19.1561,22.718,24.9439,28.1882,31.3266
24.3753,26.8594,25.9217,28.8999,28.5132,30.3353,27.148,24.1013,22.0855,18.8329,16.2597,13.3837,10.0544,6.89191,3.76028,0.0,3.77323,5.39564,8.35694,10.165,13.4527,14.3071,17.7633,18.97,20.8651,23.5021,24.8174,21.7268,21.675,18.0759,14.7569,14.4899,11.9546,13.044,12.3436,9.08125,7.6153,6.19813,7.81544,10.7254,13.9007,14.4575,17.7732,19.4654,20.5495,22.3576,22.2914,25.3815,25.3727,28.2401,28.8871,28.2553,25.832,22.5944,21.0945,17.3873,15.1473,14.5715,11.7721,13.0853,12.0917,8.45453,7.75758,7.75612,9.86179,12.6098,14.9479,15.3774,15.2027,12.7153,12.8539,11.9737,13.1049,13.3448,11.5165,13.4649,12.2379,15.2899,17.9752,17.995,19.4891,17.6324,14.3411,15.9716,15.3473,18.1284,20.3736,18.3418,16.0721,18.8006,21.0059,18.6825,18.4782,22.2074,22.6578,26.2436,28.5484,31.8469,35.0148
24.005,26.7124,25.9023,28.9492,28.8531,30.4071,27.1425,24.452,22.4276,18.9418,16.0842,12.6826,9.97113,6.33158,5.31986,3.77323,0.0,3.7733,6.8295,9.85021,13.3596,15.0953,18.7475,20.139,22.5431,25.3383,26.9544,24.1621,24.4359,21.001,17.5071,17.2545,14.4132,15.1258,14.6688,11.1922,9.76485,9.40653,10.7805,13.9871,17.3699,18.1496,21.5108,23.1128,24.1652,25.7831,25.5165,28.4258,28.0761,30.6908,31.3385,31.0297,28.8442,25.5956,24.342,20.7196,18.7031,18.2909,15.5344,16.6689,15.2665,11.6639,9.99222,9.3946,10.1315,12.871,14.3037,14.5106,15.246,13.2422,14.4027,14.3167,16.0542,16.7299,14.9068,16.8708,15.421,18.1593,20.4063,20.2432,21.1377,19.0515,15.9737,17.8463,17.2779,20.4278,22.6878,20.9649,18.244,20.5159,22.8354,20.3276,19.492,23.2801,23.7197,27.3911,29.6858,32.7422,35.8638
22.888,25.2416,23.9734,26.7376,26.3466,27.6057,24.1848,21.5077,19.8642,16.2188,13.7694,10.4051,8.26601,5.53577,5.25368,5.39564,3.7733,0.0,3.76564,6.50147,10.2353,12.3898,16.1571,18.0935,20.5303,23.6646,25.103,22.4972,23.3185,20.0026,16.29,15.5333,12.3037,12.5286,12.546,9.3633,9.12008,9.84274,12.3279,15.6233,18.6162,18.7523,21.8142,22.8244,23.5423,24.6402,24.0643,26.6948,25.9545,28.2754,28.803,28.8198,26.9524,23.7369,22.9389,19.5236,18.141,18.2052,16.0852,17.7313,16.8678,13.0663,11.6661,9.9895,10.4169,12.1472,13.5175,14.6844,15.627,14.3142,15.3404,15.613,16.8463,17.0618,14.5701,15.9987,14.107,16.3329,18.0196,17.6407,18.0546,15.9671,13.238,15.5914,15.6689,19.1097,21.8148,20.6377,17.9425,19.8281,22.6367,20.626,19.4858,23.1323,22.9651,26.437,28.3268,31.3412,34.2222
19.82,22.0348,20.6466,23.3376,23.0567,24.1757,20.7679,18.3258,16.6575,12.939,10.4422,6.95277,5.80977,4.56041,6.44286,8.35694,6.8295,3.76564,0.0,3.82215,7.13551,9.87437,13.5803,15.622,18.4417,21.6781,23.3688,21.2116,22.4752,19.5376,15.7781,15.2405,12.1607,12.5928,13.6655,11.2385,12.048,12.817,15.6227,18.6651,21.4164,21.0759,23.7989,24.535,24.7094,25.3406,24.2093,26.4265,25.2071,27.1854,27.9745,28.4424,26.9932,24.0648,23.8335,20.5817,19.7571,19.7031,17.8931,19.3385,18.3874,14.6082,12.7621,10.0876,9.41898,10.088,10.8825,12.7106,14.073,13.6786,15.0467,16.1367,17.4211,17.8494,15.2903,16.769,15.1459,17.1094,18.2802,17.1775,16.9755,14.3604,11.8184,14.0194,14.1507,17.8468,20.5958,20.0191,17.0449,18.253,21.333,19.6042,17.8954,21.3487,20.7928,24.1305,25.7929,28.5996,31.335
18.9429,20.5907,18.6714,21.0127,20.2426,21.3041,17.8117,15.0853,13.7771,10.0629,8.38686,5.85836,5.35588,6.32503,7.61006,10.165,9.85021,6.50147,3.82215,0.0,3.82414,6.52137,10.2447,12.7879,15.3681,18.8387,20.2337,18.2163,19.9072,17.1811,13.4336,12.5316,9.48843,9.8404,11.7721,10.3451,12.3243,13.286,16.6333,19.3576,21.5809,20.5815,22.8337,23.0676,22.7861,22.92,21.4459,23.348,21.8372,23.6037,24.4122,25.1075,23.9396,21.2073,21.44,18.4626,18.2869,18.4566,17.322,19.04,18.65,15.0013,13.7186,10.6211,10.2867,9.79201,11.0728,13.7897,14.6373,14.6195,15.3239,16.4121,16.9886,16.9058,13.9517,14.9004,13.2628,14.7492,15.4405,13.8908,13.3905,10.608,8.29693,10.7636,11.5789,15.3239,18.4321,18.3574,15.6962,16.5977,20.0237,18.9451,17.3117,20.4562,19.3069,22.3204,23.5629,26.4442,28.9655
16.4318,17.5791,15.2937,17.3811,16.4638,17.4903,14.0218,11.2938,10.0397,6.3053,5.39209,4.50976,5.8385,8.60153,10.362,13.4527,13.3596,10.2353,7.13551,3.82414,0.0,3.78447,7.02908,9.83222,12.6242,16.1731,17.6947,16.2598,18.4536,16.3233,12.8477,12.2391,9.93387,10.6549,13.5135,13.0269,15.5427,16.3208,19.7565,22.1361,24.0192,22.5593,24.3496,24.2862,23.4116,23.0285,20.9804,22.3322,20.34,21.693,22.8484,23.9965,23.3144,21.0535,21.8965,19.246,19.6652,19.6852,18.9855,20.4775,20.1764,16.8112,15.4939,11.9843,11.1247,9.26735,10.2173,13.6339,14.3639,15.1725,15.749,17.3465,17.68,17.6339,14.7925,15.6203,14.4907,15.6009,15.748,13.3745,12.2783,8.89495,7.10489,8.93578,9.98318,13.6981,16.8072,17.4982,14.886,14.9584,18.6131,18.127,16.1671,18.833,17.0932,19.7351,20.562,23.2805,25.5804
15.6899,16.4351,14.0144,16.0129,14.7476,16.3615,13.2068,9.87552,8.32513,5.38379,5.36996,6.36839,6.67845,9.91632,10.9597,14.3071,15.0953,12.3898,9.87437,6.52137,3.78447,0.0,3.7821,6.5374,8.96986,12.5558,13.9766,12.4922,14.7607,12.8785,9.65324,9.42277,8.10143,9.77724,13.1284,13.4027,16.2132,16.4388,19.8601,21.6768,23.0849,21.1652,22.483,22.2847,20.9429,20.3452,17.9749,19.1414,17.1477,18.6275,20.1667,21.2368,20.588,18.6695,19.7205,17.2043,17.9291,17.6473,17.3501,18.6543,18.6579,15.706,14.851,11.3957,11.0896,8.72356,10.5794,14.0692,13.8461,14.6143,14.3802,15.8354,15.5738,15.2927,12.589,13.3301,12.9124,14.0454,14.3024,11.402,10.8012,7.06416,4.72942,5.34035,6.46693,10.0541,13.2842,14.2835,12.0546,11.9744,15.7332,15.7946,14.2435,16.59,14.5742,16.9958,17.7223,20.7219,23.0804
14.7378,14.6579,11.8296,13.3075,11.5779,13.4779,10.7027,7.09334,5.63017,4.44341,6.34698,8.97159,9.80238,13.3064,14.3427,17.7633,18.7475,16.1571,13.5803,10.2447,7.02908,3.7821,0.0,3.7905,5.8731,9.53134,10.9363,10.281,13.1236,12.1964,9.83069,10.0337,9.97816,11.8131,15.4762,16.4194,19.4519,19.5175,22.8962,24.3398,25.3532,23.0463,23.8278,23.3348,21.4159,20.2997,17.3949,17.8668,15.4444,16.4658,18.4882,19.9404,19.8069,18.5503,20.1651,18.1279,19.3917,18.9654,19.1628,20.2195,20.4212,17.943,17.2794,13.9036,13.4979,10.4978,12.1203,15.7138,15.1074,16.3644,15.7738,17.404,16.743,16.3771,14.0269,14.5,14.6895,15.4005,15.2169,11.7436,10.8784,7.17125,6.11639,4.7591,6.05347,8.70654,11.7398,13.6942,11.9803,10.9462,14.7145,15.6523,14.1387,15.6776,12.982,14.6896,14.7931,17.7326,19.822
12.5825,12.3734,10.0284,11.8706,10.667,13.4866,11.5653,8.39626,5.74007,6.24156,7.25452,10.3082,10.7555,14.2957,15.3815,18.97,20.139,18.0935,15.622,12.7879,9.83222,6.5374,3.7905,0.0,3.79075,6.61757,9.08785,8.89044,11.2941,11.0499,9.46156,10.9951,11.8927,14.4808,17.9793,18.8142,21.5458,20.9918,24.0369,25.0729,25.9608,23.6169,24.1893,23.9981,21.8143,20.8477,17.7745,18.1235,15.9593,17.1349,19.7444,20.9969,20.7923,19.9285,21.4242,19.3391,20.3947,19.2997,19.3483,19.7177,19.6347,17.6631,16.8662,13.6555,13.088,9.78668,11.4847,14.7352,13.4877,15.034,14.1614,16.1011,15.461,15.5906,14.0498,15.1051,16.1801,17.3504,17.6435,14.1525,13.9183,10.4277,8.89272,6.0666,5.13351,6.76564,8.88897,11.3264,9.62657,7.71802,11.3582,12.7443,11.2803,12.268,9.35867,10.9556,11.3094,14.4813,16.932
15.5331,14.7856,12.3849,13.4655,11.5565,14.4407,12.984,9.70323,8.17477,9.37073,10.9271,13.8065,13.8233,17.0997,17.5189,20.8651,22.5431,20.5303,18.4417,15.3681,12.6242,8.96986,5.8731,3.79075,0.0,3.80792,5.3614,5.50891,8.46627,9.10628,8.65821,10.1315,12.0583,14.66,18.1453,19.638,22.5694,21.9094,24.9221,25.5257,25.8652,23.1089,23.0879,22.5244,19.8915,18.5025,15.1357,14.992,12.7784,13.9036,16.8385,18.0275,18.0245,17.7074,19.5152,17.9256,19.4535,18.3998,19.1222,19.5507,20.0636,18.5776,18.4893,15.7149,15.8611,12.9231,15.0414,18.0774,16.3565,17.4837,15.8846,17.2081,15.7638,15.258,13.8665,14.2849,15.7912,16.5344,16.6452,13.0616,13.233,10.4072,9.4887,5.96463,5.69905,5.23591,7.35429,10.4051,10.0464,8.30638,11.4876,13.6991,13.157,13.5672,10.568,11.2665,11.0208,14.4068,16.5548
15.8744,14.7611,12.929,13.7971,12.2243,15.5556,14.9669,12.2448,10.5738,12.4917,13.7983,16.7902,16.6546,19.8238,20.1804,23.5021,25.3383,23.6646,21.6781,18.8387,16.1731,12.5558,9.53134,6.61757,3.80792,0.0,3.81418,5.51062,7.51196,9.56211,10.4362,12.6113,15.12,17.9675,21.2717,22.8021,25.5513,24.5024,27.222,27.4099,27.4867,24.6442,24.2515,23.8099,20.8787,19.4888,16.035,15.506,13.6374,14.6659,18.0617,19.0693,19.1587,19.4163,21.1941,19.8277,21.2996,19.7959,20.5915,20.456,20.9027,20.0456,20.0432,17.6268,17.7814,14.8974,16.9284,19.5366,17.35,18.5632,16.6411,17.9611,16.3542,16.0981,15.5298,16.1552,18.2927,19.1688,19.4878,16.0333,16.5384,14.0273,13.0889,9.38374,8.20994,6.07054,6.04039,9.77862,10.2303,7.84207,9.98812,13.0303,12.9807,12.3896,9.35659,9.01985,8.50558,12.0355,14.2481
19.5327,18.2375,16.0497,16.358,14.076,16.9281,16.3031,13.4141,12.7127,14.497,16.2826,19.129,18.8574,21.8796,21.7619,24.8174,26.9544,25.103,23.3688,20.2337,17.6947,13.9766,10.9363,9.08785,5.3614,3.81418,0.0,3.82894,6.56914,9.17205,10.7109,12.1029,15.0215,17.4865,20.6961,22.8019,25.7791,24.9084,27.7083,27.7031,27.3399,24.1676,23.2953,22.3216,19.0836,17.1468,13.4921,12.32,10.2897,11.1128,14.6586,15.6576,16.0613,16.8387,18.9951,18.2476,20.2646,19.1561,20.646,20.9141,22.0181,21.3032,21.8988,19.6999,20.3759,17.7382,20.054,22.7977,20.6081,21.437,19.1941,19.9197,17.7195,16.6706,15.8474,15.6001,17.6921,17.9363,17.8751,14.5258,15.2162,13.4969,13.2588,9.78917,9.76462,7.20467,7.79685,11.1514,12.497,10.9427,12.8989,15.9641,16.3827,15.9415,13.1029,12.5446,11.5469,14.7618,16.3489
20.319,19.705,17.6387,18.574,16.4714,19.2649,17.9828,14.6196,13.6126,14.4182,15.6403,17.8907,16.9572,19.5688,18.9288,21.7268,24.1621,22.4972,21.2116,18.2163,16.2598,12.4922,10.281,8.89044,5.50891,5.51062,3.82894,0.0,3.80897,5.50786,7.19078,8.6426,11.8968,14.6264,17.5504,19.6119,22.4331,21.3868,24.0873,23.961,23.5221,20.3393,19.5321,18.6796,15.5846,13.9944,10.5264,10.2725,8.92609,10.9766,14.0678,14.35,13.9213,14.1298,15.8163,14.7152,16.5182,15.3313,16.8688,17.3026,18.6621,17.9561,18.9351,17.029,18.2813,16.1694,19.0223,21.6154,19.2704,19.479,16.9275,17.1152,14.5997,13.1355,12.1747,11.8161,14.1118,14.6316,15.1046,12.0466,13.5349,11.9139,11.0214,7.57607,7.49094,4.61813,6.25402,8.6971,10.3156,9.92303,12.0973,14.6103,15.472,15.7901,13.5337,13.9692,13.92,17.4688,19.5304
21.593,21.3404,19.8334,21.1431,19.4749,22.541,21.367,18.0445,16.5657,17.1659,17.7275,19.6085,18.0602,20.2048,19.1489,21.675,24.4359,23.3185,22.4752,19.9072,18.4536,14.7607,13.1236,11.2941,8.46627,7.51196,6.56914,3.80897,0.0,3.82223,7.1422,9.48652,13.0628,16.1805,18.5607,20.371,22.7236,21.0906,23.2978,22.6309,21.9087,18.7584,17.6882,17.2853,14.1723,13.2266,10.2611,10.6441,10.6235,13.2829,16.2314,15.7078,14.5955,14.8095,15.758,14.4717,15.7041,13.8065,15.2533,15.0688,16.5028,16.5308,17.8802,16.649,18.3409,16.7777,19.929,21.9735,19.1411,18.8418,15.7719,15.4179,12.5078,11.0415,11.1115,11.1878,14.2704,15.3649,16.6165,14.1379,16.3206,14.8307,13.2882,9.9357,8.76831,5.14188,4.97913,6.29851,9.1234,9.53073,10.6915,13.1549,14.9172,15.1603,13.6983,14.3008,14.9386,18.5883,20.9862
21.6945,22.0045,20.4693,22.2013,20.6321,23.5232,21.7814,18.2056,16.5838,16.3153,16.3802,17.6131,15.563,17.2637,15.7855,18.0759,21.001,20.0026,19.5376,17.1811,16.3233,12.8785,12.1964,11.0499,9.10628,9.56211,9.17205,5.50786,3.82223,0.0,3.79594,6.37475,9.87401,13.2048,15.2729,16.8258,18.9988,17.2752,19.4935,18.942,18.4036,15.3505,14.7312,14.6053,11.9742,11.6806,9.25907,10.8952,11.1772,14.3505,16.6774,15.8591,14.0871,13.3368,13.6627,11.6534,12.4116,10.4318,11.6553,11.8367,13.4335,13.1128,14.7323,13.6637,15.8396,14.8183,18.3026,20.266,17.5574,16.7234,13.6121,12.7994,9.73847,7.75919,7.3205,7.55531,10.7485,12.365,14.2065,12.0988,14.7127,13.1826,10.9996,8.1926,7.01326,4.51149,6.00617,5.54263,7.73079,9.4409,11.147,12.5731,14.3098,15.5015,14.4443,15.9605,17.108,20.8748,23.5287
20.2489,20.9302,19.2492,21.2591,19.7941,22.4356,20.2078,16.5337,14.8109,13.7794,13.5007,14.2815,12.0857,13.7276,12.2921,14.7569,17.5071,16.29,15.7781,13.4336,12.8477,9.65324,9.83069,9.46156,8.65821,10.4362,10.7109,7.19078,7.1422,3.79594,0.0,3.81119,6.5773,10.2086,12.4678,13.6285,15.8999,14.44,17.044,17.1425,17.2444,14.5164,14.7736,14.8135,12.8698,12.8386,10.714,12.7471,12.4781,15.4894,17.4109,16.9218,15.1257,13.5455,13.736,11.0638,11.5008,9.93604,10.4807,11.2655,12.4753,11.1153,12.3525,10.7675,12.936,12.0236,15.5835,17.7477,15.4716,14.5936,11.9581,11.4184,8.98426,7.23483,5.30673,6.06234,8.45945,10.5284,12.4984,10.3174,12.6973,10.6975,7.84032,5.59288,4.56161,4.56145,7.52989,6.92982,7.16765,9.20398,11.7968,12.3991,13.4019,15.371,14.284,16.4554,17.7787,21.5205,24.2796
22.5702,23.1204,20.9762,22.6714,20.7557,22.885,20.3021,16.5086,15.5318,14.0882,14.2779,14.7571,12.7767,14.2136,12.4581,14.4899,17.2545,15.5333,15.2405,12.5316,12.2391,9.42277,10.0337,10.9951,10.1315,12.6113,12.1029,8.6426,9.48652,6.37475,3.81119,0.0,3.75191,6.83128,9.18509,11.0711,13.8808,13.1558,16.209,16.6425,16.6245,13.7142,13.9867,13.3045,11.5633,11.1094,9.19168,11.4335,10.996,13.9891,15.1966,14.6929,12.8251,10.6708,11.0277,8.42156,9.56268,9.31112,10.5811,12.5469,14.3402,12.5283,14.0797,12.4564,14.7386,13.9634,17.3635,19.8445,18.0843,17.1493,14.8826,14.1167,11.7515,9.3138,6.16464,4.76456,5.72572,6.98738,8.70588,6.72034,9.50427,8.24415,5.89424,5.33861,6.73592,7.57172,10.9699,10.6674,10.8625,12.6974,15.5334,16.0712,16.7591,18.8795,17.5048,19.5573,20.4546,24.1011,26.5556
22.7165,23.5884,21.3664,23.2147,21.4257,23.1658,20.1494,16.4475,15.5843,13.3183,13.1749,12.8777,10.8826,11.9099,10.1115,11.9546,14.4132,12.3037,12.1607,9.48843,9.93387,8.10143,9.97816,11.8927,12.0583,15.12,15.0215,11.8968,13.0628,9.87401,6.5773,3.75191,0.0,3.78642,6.37736,7.7875,10.895,10.864,14.3648,15.5959,16.2256,13.8566,14.9662,14.4488,13.5662,13.4397,12.0975,14.4309,13.7306,16.3575,17.0343,16.7868,14.9813,12.2059,12.2872,9.35988,9.97809,10.4462,10.9853,13.4603,14.8761,12.2538,13.3972,11.508,13.6385,13.2053,16.3647,18.9175,17.7788,16.7802,15.1782,14.5855,12.9582,10.9151,7.22175,6.21862,4.87132,6.28905,7.93536,6.49937,8.62793,7.20907,4.39498,6.21743,8.07396,10.2592,13.7953,13.3489,12.6226,14.4986,17.6238,17.5601,17.6975,20.3069,19.0146,21.4462,22.4447,25.9679,28.4413
25.2655,26.0228,23.4993,25.0511,22.9852,24.1807,20.9191,17.3572,17.1955,14.6886,14.9412,14.3573,12.8661,13.6006,11.8529,13.044,15.1258,12.5286,12.5928,9.8404,10.6549,9.77724,11.8131,14.4808,14.66,17.9675,17.4865,14.6264,16.1805,13.2048,10.2086,6.83128,3.78642,0.0,3.80657,6.23302,9.97187,11.1912,14.9169,16.5773,17.2034,14.9916,16.1675,15.104,14.6367,14.2001,13.2544,15.407,14.5166,16.7345,16.6194,16.5255,14.9107,11.7659,12.001,9.60388,10.67,12.3188,13.1819,16.2061,17.8367,15.0532,16.2205,14.3933,16.3288,15.9735,18.753,21.4574,20.7913,19.8547,18.5933,17.9643,16.4634,14.2413,10.4664,8.67517,5.7951,5.2933,5.71255,5.35739,6.90397,6.79288,5.71,8.80588,11.4336,13.6742,17.3306,17.0742,16.3794,18.0809,21.3222,21.2671,21.1883,23.8318,22.3496,24.6715,25.3712,28.7614,30.9784
28.3611,29.3861,27.0285,28.7341,26.7602,27.9459,24.6311,21.1142,20.8735,18.1906,18.0424,16.8929,14.9438,14.7499,12.2875,12.3436,14.6688,12.546,13.6655,11.7721,13.5135,13.1284,15.4762,17.9793,18.1453,21.2717,20.6961,17.5504,18.5607,15.2729,12.4678,9.18509,6.37736,3.80657,0.0,3.82773,7.26947,8.96837,12.504,14.2314,14.7933,12.9426,14.4715,13.4925,13.9607,14.1801,14.2478,16.9103,16.7091,19.1763,18.5839,17.8996,15.7539,12.153,11.3639,8.8071,9.09065,11.4592,12.2264,15.7098,17.6011,14.9087,16.5386,15.4431,17.8397,18.2195,21.0896,23.3928,22.7344,21.2545,19.9447,18.7264,17.2234,14.7631,11.1146,9.06702,5.31969,4.78779,6.24624,7.92645,9.90287,10.509,9.39469,12.2753,14.4407,16.4916,19.9358,19.0809,18.5311,20.7525,23.7281,23.3161,23.5352,26.408,25.3018,27.814,28.7544,32.2286,34.5671
27.8786,29.3632,27.3222,29.4066,27.8636,29.1073,25.6749,22.2975,21.6162,18.5182,17.6376,15.7463,13.4629,12.4048,9.73299,9.08125,11.1922,9.3633,11.2385,10.3451,13.0269,13.4027,16.4194,18.8142,19.638,22.8021,22.8019,19.6119,20.371,16.8258,13.6285,11.0711,7.7875,6.23302,3.82773,0.0,3.8234,6.16628,9.84457,12.3542,13.8294,12.8873,15.3008,15.2072,16.2148,17.0964,17.2971,20.1823,20.0379,22.6007,22.2562,21.6031,19.3471,15.7445,14.5512,11.5293,10.6255,12.3479,11.9233,15.1842,16.4305,13.3311,14.5378,13.6659,15.9998,17.0164,19.6993,21.601,21.249,19.5057,18.6533,17.4635,16.6462,14.7884,11.3696,10.4749,7.06476,8.15693,10.0583,11.2885,12.8629,12.6465,10.7754,13.7036,15.1968,17.7055,20.9665,19.7247,18.598,21.0364,23.9233,22.9125,22.9408,26.165,25.4556,28.356,29.6846,33.1282,35.7077
29.6455,31.5029,29.7929,32.1615,30.9106,32.2819,28.8499,25.5375,24.5336,21.304,19.8872,17.5108,14.8278,12.8158,9.71752,7.6153,9.76485,9.12008,12.048,12.3243,15.5427,16.2132,19.4519,21.5458,22.5694,25.5513,25.7791,22.4331,22.7236,18.9988,15.8999,13.8808,10.895,9.97187,7.26947,3.8234,0.0,3.78913,6.79564,9.8812,11.9988,12.1142,15.1888,15.8235,17.5455,19.1225,19.8195,23.0103,23.2534,26.0324,25.7008,24.749,22.1829,18.5147,16.7005,13.5117,11.6001,12.9801,11.7223,14.7834,15.6975,12.6862,13.9255,13.8797,16.4114,18.2046,20.8174,22.1175,21.8218,19.5846,18.9033,17.3399,16.9335,15.4035,12.5581,12.2783,9.34159,11.0464,13.431,14.9285,16.6799,16.3414,14.1364,16.7657,17.6576,20.1107,23.0417,21.2763,20.0265,22.824,25.3837,23.8787,24.0674,27.5115,27.2859,30.4399,32.1247,35.5972,38.3885
28.785,30.801,29.4221,32.0233,30.9849,32.77,29.5414,26.1197,24.6625,21.6491,19.9061,17.6504,14.4148,12.2024,8.54215,6.19813,9.40653,9.84274,12.817,13.286,16.3208,16.4388,19.5175,20.9918,21.9094,24.5024,24.9084,21.3868,21.0906,17.2752,14.44,13.1558,10.864,11.1912,8.96837,6.16628,3.78913,0.0,3.83573,6.62712,9.08912,9.47756,12.8884,14.3072,16.088,18.2119,19.0114,22.4422,23.064,26.177,26.2376,24.9964,22.1476,18.6517,16.4867,12.9351,10.2531,10.6447,8.58503,11.3113,12.084,9.30933,11.0257,11.7616,14.8226,17.022,19.9602,20.8397,20.0456,17.3698,16.3067,14.2592,13.8322,12.4698,10.2262,10.6842,8.75363,11.4855,14.6211,15.7971,18.0878,17.3722,14.5821,16.464,16.6174,18.7109,21.2063,18.957,17.8354,20.9947,23.1413,21.4165,22.0251,25.4707,25.6528,28.8958,30.8963,34.4582,37.4635
31.1444,33.3896,32.3115,35.0918,34.2453,36.197,33.0443,29.6347,27.9567,24.997,22.98,20.5892,17.1486,14.4979,10.8396,7.81544,10.7805,12.3279,15.6227,16.6333,19.7565,19.8601,22.8962,24.0369,24.9221,27.222,27.7083,24.0873,23.2978,19.4935,17.044,16.209,14.3648,14.9169,12.504,9.84457,6.79564,3.83573,0.0,3.77656,7.14672,9.03146,12.8022,14.9809,17.3176,20.0204,21.2731,24.8877,25.9183,29.2154,29.2933,27.7353,24.6281,21.2032,18.5732,15.1131,11.8177,11.7189,9.07341,11.1276,11.6108,9.62145,11.5741,13.3655,16.5488,19.2672,22.1629,22.4586,21.514,18.3896,17.2822,14.7368,14.552,13.5058,12.2149,13.0281,11.7392,14.5413,17.8947,19.2769,21.7813,21.1005,18.1987,19.7581,19.4766,21.2638,23.3261,20.6187,19.6409,23.0696,24.7441,22.6853,23.6299,27.099,27.7466,31.0862,33.3667,36.9495,40.1145
32.5086,34.6614,33.7003,36.4694,35.5756,37.7847,34.8236,31.2883,29.5136,26.8719,24.9564,22.9243,19.3203,16.9642,13.219,10.7254,13.9871,15.6233,18.6651,19.3576,22.1361,21.6768,24.3398,25.0729,25.5257,27.4099,27.7031,23.961,22.6309,18.942,17.1425,16.6425,15.5959,16.5773,14.2314,12.3542,9.8812,6.62712,3.77656,0.0,3.76137,6.48222,10.203,13.0138,15.5877,18.7619,20.3995,24.1375,25.6702,29.1843,29.3517,27.3999,24.0387,20.8521,17.8516,14.5436,10.8444,10.1436,7.469,9.0918,10.1382,9.41299,12.2208,14.6148,18.1366,20.8121,23.9886,24.1338,22.6535,19.3067,17.5812,14.4387,13.7031,12.383,11.9219,12.6832,12.2459,15.1207,18.7747,20.2345,23.1964,22.663,19.7252,20.7479,20.1912,21.3441,22.9963,19.9495,19.5638,23.2254,24.4467,22.5073,24.0353,27.2699,28.1297,31.3171,33.6812,37.3476,40.5648
34.2915,36.1718,35.0827,37.6596,36.5129,38.8051,35.9725,32.3088,30.7056,28.3552,26.7986,25.1694,21.6096,19.7058,15.9192,13.9007,17.3699,18.6162,21.4164,21.5809,24.0192,23.0849,25.3532,25.9608,25.8652,27.4867,27.3399,23.5221,21.9087,18.4036,17.2444,16.6245,16.2256,17.2034,14.7933,13.8294,11.9988,9.08912,7.14672,3.76137,0.0,3.76742,7.03767,10.0881,13.0098,16.4833,18.6222,22.4009,24.3987,28.0133,28.051,25.7151,22.1592,19.1859,15.8544,12.9596,9.16948,8.5287,6.94996,8.75277,10.9528,11.1464,14.5357,16.8575,20.5642,22.893,26.3124,26.6655,24.8327,21.5531,19.2947,15.878,14.3126,12.2729,12.106,12.1292,12.1319,14.597,18.3003,20.0278,23.3555,23.2373,20.5612,21.3074,20.9045,21.477,22.9855,19.9072,20.2369,23.9423,24.9747,23.461,25.4057,28.3421,29.0846,31.989,34.1903,37.933,41.0495
32.8773,34.4226,33.114,35.4573,34.0614,36.3679,33.6504,29.9116,28.4959,26.4192,25.2652,24.0933,20.6925,19.4125,15.7087,14.4575,18.1496,18.7523,21.0759,20.5815,22.5593,21.1652,23.0463,23.6169,23.1089,24.6442,24.1676,20.3393,18.7584,15.3505,14.5164,13.7142,13.8566,14.9916,12.9426,12.8873,12.1142,9.47756,9.03146,6.48222,3.76742,0.0,3.79125,6.67582,9.3057,12.7489,14.8787,18.6555,20.7536,24.3958,24.4724,22.0655,18.4944,15.6538,12.3643,9.48648,5.74253,5.04636,4.92957,7.57811,10.7482,10.9328,14.5885,16.3523,20.1116,21.8928,25.5015,26.2849,24.2429,21.2729,18.6461,15.3499,13.0401,10.2241,9.75528,9.03408,9.46092,11.7308,15.4582,17.0746,20.6146,20.6759,18.2119,18.7097,18.5389,18.7649,20.3803,17.5428,18.3195,21.8971,23.0641,22.0669,24.1085,26.8013,27.1883,29.8255,31.7573,35.5357,38.4963
34.134,35.3486,33.9325,36.0259,34.3979,36.7793,34.279,30.4905,29.2595,27.5844,26.8276,26.1283,22.8892,22.1011,18.5524,17.7732,21.5108,21.8142,23.7989,22.8337,24.3496,22.483,23.8278,24.1893,23.0879,24.2515,23.2953,19.5321,17.6882,14.7312,14.7736,13.9867,14.9662,16.1675,14.4715,15.3008,15.1888,12.8884,12.8022,10.203,7.03767,3.79125,0.0,3.80584,6.39962,10.1607,12.7778,16.4526,19.0609,22.7427,22.7865,20.0075,16.3109,13.9677,10.5417,8.50929,5.63351,4.94604,6.9142,8.9479,12.6203,13.4128,17.1632,18.7106,22.44,23.7962,27.5251,28.5092,26.1805,23.4119,20.4075,17.1251,14.1983,10.9274,10.8154,9.33324,10.478,12.0159,15.4615,17.0706,20.8438,21.2515,19.152,19.217,19.1771,18.7138,20.089,17.4271,18.9532,22.3617,23.3187,22.8647,25.2201,27.5069,27.7124,29.9609,31.651,35.4365,38.2327
34.8686,35.7394,33.9692,35.7198,33.7267,35.8854,33.3972,29.5973,28.8179,27.2962,27.0478,26.635,23.7286,23.3541,19.9589,19.4654,23.1128,22.8244,24.535,23.0676,24.2862,22.2847,23.3348,23.9981,22.5244,23.8099,22.3216,18.6796,17.2853,14.6053,14.8135,13.3045,14.4488,15.104,13.4925,15.2072,15.8235,14.3072,14.9809,13.0138,10.0881,6.67582,3.80584,0.0,3.79823,7.15073,10.319,13.8569,16.5832,20.1126,19.7423,16.7841,13.0401,10.723,7.11677,6.10209,4.81552,6.09437,9.32027,11.8658,15.6062,15.9257,19.5203,20.4726,24.052,24.943,28.6558,30.0891,27.8725,25.4494,22.4662,19.522,16.38,12.7645,11.8757,9.23788,9.90575,10.2311,13.1365,15.0748,18.8774,19.8806,18.4061,18.6279,19.2559,18.6803,20.4137,18.3335,20.0815,23.1506,24.4408,24.4729,26.6428,28.7605,28.4808,30.4436,31.7056,35.4636,37.9806
33.0856,33.6263,31.7712,33.2917,31.1638,33.4043,31.1656,27.3907,26.7058,25.6152,25.7201,25.8283,23.1776,23.3988,20.3457,20.5495,24.1652,23.5423,24.7094,22.7861,23.4116,20.9429,21.4159,21.8143,19.8915,20.8787,19.0836,15.5846,14.1723,11.9742,12.8698,11.5633,13.5662,14.6367,13.9607,16.2148,17.5455,16.088,17.3176,15.5877,13.0098,9.3057,6.39962,3.79823,0.0,3.82686,6.82267,10.2996,13.2405,16.839,16.8243,13.8413,10.1493,8.4939,5.67352,5.33884,5.97071,6.44949,10.2305,12.3365,16.0414,16.4147,19.8154,20.3101,23.6819,24.0387,27.7618,29.4433,27.0478,24.9986,21.8277,19.2161,15.7497,12.0182,11.1822,8.25801,9.80694,9.8157,12.2801,13.4904,17.3227,18.2618,17.0205,16.6634,17.3343,16.2177,17.8238,16.1742,18.3597,21.0712,22.3426,22.9115,25.1199,26.8609,26.2906,27.8958,28.8896,32.6009,34.9539
32.7561,32.8862,30.7263,31.8466,29.3907,31.4351,29.3352,25.6318,25.3866,24.6281,25.2928,25.8364,23.6371,24.393,21.7013,22.3576,25.7831,24.6402,25.3406,22.92,23.0285,20.3452,20.2997,20.8477,18.5025,19.4888,17.1468,13.9944,13.2266,11.6806,12.8386,11.1094,13.4397,14.2001,14.1801,17.0964,19.1225,18.2119,20.0204,18.7619,16.4833,12.7489,10.1607,7.15073,3.82686,0.0,3.77604,6.82874,9.87827,13.307,13.1204,10.0373,6.36673,5.40564,4.08546,5.66273,8.25188,9.27582,13.0777,15.2359,18.7484,18.7616,21.8406,21.7319,24.7874,24.5809,28.1783,30.2676,27.9729,26.3798,23.2925,21.156,17.6607,13.9837,12.6648,9.32421,10.5815,9.48638,10.8321,11.6946,15.3245,16.6805,16.1613,15.6902,16.943,15.6257,17.4712,16.6283,18.934,21.0914,22.6435,23.7442,25.6917,27.1453,26.0628,27.2785,27.7763,31.3771,33.3965
29.8823,29.737,27.4721,28.3984,25.8569,27.9335,26.0117,22.3668,22.2008,21.802,22.7852,23.7815,21.9386,23.2399,21.0155,22.2914,25.5165,24.0643,24.2093,21.4459,20.9804,17.9749,17.3949,17.7745,15.1357,16.035,13.4921,10.5264,10.2611,9.25907,10.714,9.19168,12.0975,13.2544,14.2478,17.2971,19.8195,19.0114,21.2731,20.3995,18.6222,14.8787,12.7778,10.319,6.82267,3.77604,0.0,3.77931,6.44713,10.1096,10.6861,8.22748,5.32094,5.27453,6.25647,7.09308,10.0563,10.5259,13.9863,15.8468,18.967,18.7155,21.3547,20.6951,23.373,22.6367,26.0983,28.437,26.1538,25.0152,22.0043,20.4026,16.9695,13.5673,12.0755,9.00093,10.6202,9.55232,10.2969,9.91463,13.2617,14.2768,13.9812,12.9753,14.3584,12.7709,14.7202,14.5693,16.886,18.5216,20.2705,21.7844,23.4869,24.6688,23.2244,24.176,24.3956,27.9278,29.8086
30.3401,29.7191,27.2658,27.709,24.8862,26.817,25.2516,21.8195,22.0756,22.2405,23.7624,25.2552,23.8735,25.6253,23.7792,25.3815,28.4258,26.6948,26.4265,23.348,22.3322,19.1414,17.8668,18.1235,14.992,15.506,12.32,10.2725,10.6441,10.8952,12.7471,11.4335,14.4309,15.407,16.9103,20.1823,23.0103,22.4422,24.8877,24.1375,22.4009,18.6555,16.4526,13.8569,10.2996,6.82874,3.77931,0.0,3.76545,6.99262,7.95211,5.70014,4.41481,6.64032,9.01356,10.5634,13.7688,14.2501,17.6078,19.2508,22.1901,21.9239,24.297,23.2915,25.6214,24.3974,27.6447,30.2258,27.9707,27.2584,24.3135,23.1015,19.7189,16.5838,15.1774,12.3487,13.8281,12.3377,12.068,11.0807,13.6829,14.8926,15.3366,13.9921,15.6299,13.6788,15.4095,16.0863,18.5488,19.507,21.2451,23.3001,24.8337,25.5503,23.6912,24.0694,23.7227,27.0233,28.4785
28.3016,27.402,24.6718,24.8044,21.7592,23.4366,21.9081,18.5993,19.2526,19.6546,21.6289,23.4433,22.5847,24.7559,23.3914,25.3727,28.0761,25.9545,25.2071,21.8372,20.34,17.1477,15.4444,15.9593,12.7784,13.6374,10.2897,8.92609,10.6235,11.1772,12.4781,10.996,13.7306,14.5166,16.7091,20.0379,23.2534,23.064,25.9183,25.6702,24.3987,20.7536,19.0609,16.5832,13.2405,9.87827,6.44713,3.76545,0.0,3.78066,5.70265,5.4609,6.13334,7.91288,11.0707,12.2044,15.5596,16.1637,19.1714,20.8954,23.4676,22.7103,24.6074,23.0447,24.9188,23.2334,26.1796,29.0802,27.1141,26.867,24.2629,23.6044,20.5437,17.7373,15.8959,13.2967,14.3433,12.6449,11.5617,9.63771,11.359,12.4714,13.5664,12.205,14.3629,12.755,14.8916,16.3182,18.2861,18.6536,20.8313,23.0667,24.0657,24.6879,22.3713,22.5719,21.8162,24.9536,26.1548
29.1836,27.8449,24.861,24.4214,21.0585,22.302,21.0823,18.1621,19.4607,20.302,22.8071,24.9527,24.6176,27.0933,26.0832,28.2401,30.6908,28.2754,27.1854,23.6037,21.693,18.6275,16.4658,17.1349,13.9036,14.6659,11.1128,10.9766,13.2829,14.3505,15.4894,13.9891,16.3575,16.7345,19.1763,22.6007,26.0324,26.177,29.2154,29.1843,28.0133,24.3958,22.7427,20.1126,16.839,13.307,10.1096,6.99262,3.78066,0.0,3.78251,5.79137,8.34085,10.5702,14.1177,15.5636,19.0609,19.8626,22.8102,24.5607,27.0024,26.0784,27.7258,25.8546,27.3771,25.3258,27.9453,31.0827,29.333,29.4707,27.0894,26.7727,23.8772,21.2588,19.3135,16.8016,17.5106,15.484,13.6496,11.5275,12.1222,13.4744,15.3725,14.1341,16.581,15.1273,17.1881,19.172,20.9487,20.7625,23.0449,25.5448,26.2089,26.5465,23.8466,23.6014,22.2523,25.0144,25.678
32.0199,30.8184,27.6881,27.2483,23.7802,24.6344,23.1121,20.205,21.8157,22.2186,24.7212,26.5181,26.1335,28.3365,27.0891,28.8871,31.3385,28.803,27.9745,24.4122,22.8484,20.1667,18.4882,19.7444,16.8385,18.0617,14.6586,14.0678,16.2314,16.6774,17.4109,15.1966,17.0343,16.6194,18.5839,22.2562,25.7008,26.2376,29.2933,29.3517,28.051,24.4724,22.7865,19.7423,16.8243,13.1204,10.6861,7.95211,5.70265,3.78251,0.0,3.75103,7.11947,9.31771,13.0756,15.155,18.8964,20.3797,23.551,25.7594,28.4628,27.3875,29.2453,27.4835,29.1989,27.3919,30.0562,33.2477,31.6837,31.6067,29.2861,28.7207,25.7886,22.8683,20.5888,17.5917,17.6469,14.9538,12.5338,11.2745,11.7708,14.1058,16.4067,15.9889,18.855,17.8466,20.248,21.8674,23.5354,23.7019,26.1441,28.3744,29.0251,29.6792,27.0528,27.0602,25.8021,28.5797,29.2172
