0.0,3.80894,5.37657,5.72119,6.7199,10.5312,13.4043,16.6788,20.0638,23.736,26.3614,30.0797,32.2753,36.069,36.1953,33.2953,29.5104,26.6313,23.0146,20.499,16.8848,14.8758,11.701,10.9496,9.88922,13.1243,15.4463,16.1274,18.1187,19.6799,22.4551,25.1093,28.317,28.2324,31.7547,31.3195,28.5572,28.2667,25.5389,27.3187,26.3615,22.8699,22.0082,23.5025,21.9074,18.5288,19.8429,20.5713,17.3977,15.5473,18.2867,18.1704,14.4711,11.4852,10.3473,7.92771,8.04038,11.1914,12.6426,16.4074,19.2586,21.0088,23.9538,25.9552,24.7428,21.061,22.1122,24.5868,24.9536,25.2121,21.9164,19.7812,22.0849,20.4782,16.7589,17.7975,19.5684,16.3598,13.2397,11.822,10.959,12.3166,12.5435,15.4722,17.1326,18.2528,20.8685,17.9558,15.3227,18.2364,19.907,16.7701,17.7206,21.3527,22.3153,21.3481,23.63,26.595,25.3795,25.5732,28.853,30.397,29.9387,31.1204,34.2749,35.1811,35.193,36.5878,40.1897,39.1654,37.5213,39.7359,37.2326,34.1888,31.5646,32.9667,32.4967,28.9778,27.8021,29.7902,27.6307,24.3223,25.758,27.0258,23.9038,21.6784,24.3549,25.2703,24.6838,24.5726,27.9977,30.2899,29.4296,26.0389,23.6169,21.1233,20.6459,17.8123,18.6138,18.4226,15.437,13.4472,15.1011,14.7191,10.9793,10.7085,13.6133,12.9629,10.0106,12.427,14.8584,13.1166,10.9934,14.0084,15.9267,13.7848,13.5644,17.3607,18.0197,16.0407,17.7508,21.161,20.9008,20.2401,23.9488,26.1604,29.622,32.9716,35.558,38.9071,39.7928,42.7248,46.0792,44.8985,43.8984,41.6654,38.255,35.2697,31.866,29.1134,28.0098,24.7925,25.4892,24.9768,27.4638,29.9464,33.2558,36.5247,38.3573,35.8583,32.4211,30.3192,28.5034,26.9203,28.5883,27.797,28.6894,30.5886,29.9433,32.7707,34.2466,35.8187,38.3013,37.4441,40.43,39.1335,35.6039,34.2386,30.7094,29.2888,28.3659,24.9302
3.80894,0.0,3.84072,5.48047,5.39849,8.88087,11.5591,15.1061,18.2398,21.9322,24.1775,27.8792,29.8094,33.5843,34.0292,31.3666,27.6498,24.6734,21.2472,18.3134,14.832,12.2098,8.87413,7.61975,6.13,9.53361,11.8903,12.9986,15.2317,17.3118,20.1888,23.1963,26.4505,26.8062,30.434,30.2013,27.4796,27.6902,25.3545,27.1972,25.7924,22.3305,22.0639,23.3144,21.1613,18.162,19.944,20.1553,16.6323,15.5616,18.3757,17.5895,13.8021,11.6531,10.6245,9.34326,8.89347,11.0795,11.8861,15.5901,18.071,20.4273,23.1851,25.5921,24.2143,20.7532,22.2833,24.9355,25.8294,25.9959,22.4431,20.8506,23.4266,21.5577,18.0186,19.7307,21.308,17.955,15.308,13.3833,12.7879,13.4284,13.3964,15.8802,16.7036,17.2553,18.4145,15.2546,12.7629,15.8081,16.9674,13.597,14.8486,18.5221,19.0752,18.1201,20.7125,23.4533,22.0027,22.427,25.7692,27.0562,26.6191,28.0577,31.1143,31.8746,32.0709,33.6267,37.1778,36.2097,34.7991,37.2265,34.8651,31.7698,29.3014,30.5167,29.7531,26.3212,25.2457,26.9448,24.5857,21.4462,22.855,23.7907,20.5317,18.4776,21.14,21.768,21.1289,20.8917,24.3666,26.8007,26.1546,22.7978,20.1588,17.7494,17.2111,14.4142,15.6779,15.5604,12.3404,10.7354,13.0608,12.5994,8.82845,9.5327,12.774,12.2271,10.2039,13.0867,15.4051,13.9442,12.7967,16.2397,17.7499,15.5935,16.1642,19.8686,20.1118,18.404,20.5979,23.7644,23.1626,22.823,26.583,28.4963,31.8595,35.065,37.5151,40.7019,41.3821,44.4126,47.6622,46.4623,45.6502,43.2772,40.0117,36.8449,33.581,30.9498,29.7391,26.6882,27.6679,27.0096,29.7091,32.4563,35.7694,39.1721,40.7782,38.1047,34.6145,32.2121,30.279,28.314,29.8717,28.6375,29.2011,31.4216,31.0946,34.1733,35.9124,37.7112,40.4218,39.8498,42.8294,41.3123,37.8895,36.7404,33.3335,32.0273,31.4054,27.9577
5.37657,3.84072,0.0,3.80117,5.96204,8.89726,12.3251,15.3898,18.7835,22.2401,24.5731,28.132,29.825,33.5278,33.8521,31.1206,27.4566,24.1852,20.6924,17.8657,14.1656,11.8774,8.16687,8.54859,6.71556,8.85765,11.6025,11.6373,14.1674,15.8072,19.0569,21.862,25.3649,25.8367,29.5525,29.7275,27.3753,27.487,25.0944,26.4353,24.7978,21.6101,21.105,21.8011,19.6199,16.7426,18.0174,17.7799,14.3656,13.1098,15.4414,14.3712,10.5644,8.50025,8.52865,8.2604,9.23641,11.6154,13.3316,16.7678,19.6079,21.9869,24.3502,26.4888,24.6162,21.1999,23.1038,25.3136,25.9971,25.6048,22.1393,20.8011,22.9325,20.5602,17.2404,18.9741,19.8965,16.2665,14.0953,12.8112,13.3098,14.7016,15.5741,18.479,19.3463,20.238,21.3583,18.2165,15.5893,18.2933,18.9651,15.3417,16.0105,19.8189,20.3229,18.6897,21.1924,24.0467,22.2665,22.179,25.7253,27.0843,26.1176,27.3863,30.6799,31.2106,30.9984,32.6888,36.1559,34.8317,33.3169,35.6941,33.4893,30.6585,27.88,28.8435,28.4481,25.1412,23.5662,25.3002,23.3804,19.9736,20.9661,22.333,19.4476,16.8394,19.3005,20.5375,20.0249,20.4008,23.8142,25.8426,25.0087,21.8496,19.445,16.5398,15.8274,13.0031,13.3908,13.1787,10.4858,8.1378,9.82032,9.87059,6.27344,5.90819,9.37388,9.62142,7.56069,9.92532,12.6467,12.0093,11.2359,14.5444,16.3409,14.9343,15.6691,19.2502,19.9211,18.8354,20.8661,23.949,23.811,23.8719,27.4798,29.6689,32.8783,36.2228,38.461,41.6683,42.1169,44.9518,48.3064,47.3962,46.7748,44.6285,41.3856,38.1899,35.0153,32.421,30.8394,27.5732,28.1206,26.9776,29.3959,32.2256,35.3141,38.7742,40.4708,37.9514,34.6187,32.1738,30.6287,28.8497,30.8244,29.7449,29.9791,31.9407,31.2931,34.4167,35.9004,37.938,40.5518,40.0644,43.249,41.936,38.5851,37.6356,34.1561,33.1763,32.4836,29.2444
5.72119,5.48047,3.80117,0.0,3.7882,6.53144,10.2209,12.879,16.5348,19.92,22.6499,26.2024,28.1953,31.9144,31.8641,28.8865,25.1557,22.0083,18.3312,15.9671,12.1692,10.7352,7.63783,8.73241,8.55041,10.681,12.4524,11.9885,13.6031,14.539,17.4249,19.856,23.2131,23.2265,26.8386,26.8046,24.4166,24.2098,21.616,22.9529,21.5701,18.3125,17.5544,18.5,16.6342,13.46,14.7527,15.0485,11.7608,10.1979,13.0336,12.708,9.02972,6.51112,5.18438,4.68524,5.77457,8.30006,10.7063,13.9778,17.1964,19.216,21.4805,23.3057,21.3826,17.8712,19.6996,21.7278,22.2665,21.8384,18.4168,17.0295,19.1354,16.8082,13.4566,15.3186,16.355,12.8304,10.6821,9.09274,9.88906,11.4982,13.0134,16.2451,17.3409,18.8531,21.3802,18.7054,15.5272,17.6844,18.7017,15.3283,15.2138,18.9806,20.1715,18.3482,20.2685,23.501,22.1881,21.6728,25.0429,26.898,26.0123,26.7881,30.1777,31.0975,30.6829,31.9746,35.5599,34.3455,32.4742,34.5308,32.0424,29.173,26.3302,27.7044,27.5582,24.062,22.6355,24.8671,23.0532,19.5292,20.9807,22.7441,19.9617,17.5363,20.4373,21.8873,21.9874,22.6708,26.25,28.3811,27.8619,24.8909,22.2623,19.1817,17.8367,14.5398,14.6429,15.2807,13.0731,10.054,11.7979,12.8144,9.58894,8.16954,11.7697,12.7559,10.2244,11.6074,14.9142,14.6063,13.1357,15.9053,18.3468,17.1679,17.1505,20.8187,21.985,20.6372,22.1408,25.5102,25.6873,25.3267,28.9102,31.3426,34.6975,38.1403,40.5647,43.9097,44.5752,47.3645,50.7893,49.8365,49.0119,46.9058,43.5327,40.4932,37.1699,34.4562,33.0898,29.7368,30.1038,29.1144,31.3123,33.8687,36.9203,40.2293,42.2037,39.8831,36.6093,34.4393,32.9786,31.4666,33.4444,32.6008,33.0909,34.9265,34.1125,37.0659,38.3586,40.2037,42.614,41.8354,45.0116,43.8985,40.429,39.205,35.6055,34.3884,33.2984,29.9998
6.7199,5.39849,5.96204,3.7882,0.0,3.81769,6.93257,10.1022,13.5509,17.1557,19.7881,23.4641,25.6422,29.4265,29.4905,26.5981,22.8246,19.9208,16.3371,13.8036,10.2422,8.52416,6.0782,6.16762,7.37247,10.0224,10.909,11.204,12.2259,13.5536,15.9734,18.6532,21.7369,21.7388,25.2902,24.9357,22.2278,22.3204,19.982,21.8321,20.4599,16.9519,16.7971,18.2009,16.0985,13.0573,15.2343,15.7761,12.2876,11.5793,14.94,14.6271,11.1749,9.44372,7.00746,6.346,4.81675,5.99906,7.37984,10.8334,13.7626,16.0279,18.4471,20.643,18.9978,15.551,17.376,19.8537,20.9177,20.9343,17.2865,16.0743,18.7869,16.8366,13.5063,15.8562,17.4202,14.2911,12.1577,9.46487,9.32331,9.62428,10.5131,13.3053,13.9128,15.2376,17.8442,15.4227,12.0293,13.985,15.2222,12.0698,11.9353,15.6293,17.0595,15.589,17.4169,20.6619,19.7253,19.4893,22.6467,24.57,24.1442,24.9484,28.1434,29.3598,29.2749,30.3559,34.0377,33.2011,31.3892,33.4685,30.807,27.6622,25.1614,26.8213,26.2919,22.655,21.799,24.0467,21.7975,18.5502,20.5534,21.9515,18.8539,17.0661,20.3269,21.2581,21.5754,21.9552,25.6798,28.2126,28.123,25.1586,22.142,19.335,17.7265,14.2333,15.1177,16.2494,13.7747,11.1749,13.8289,14.7875,11.4895,11.0217,14.784,15.534,13.3633,15.1945,18.3133,17.6943,16.26,19.2202,21.4571,19.8304,19.831,23.5945,24.4427,22.7011,24.3543,27.7853,27.5964,26.9414,30.6517,32.844,36.3201,39.6323,42.215,45.5182,46.3294,49.29,52.6141,51.428,50.4817,48.1578,44.7919,41.7487,38.3753,35.6499,34.5802,31.4237,32.1564,31.4862,33.9091,36.4448,39.6508,42.9359,44.8384,42.3914,38.9966,36.8049,35.0482,33.3217,34.963,33.8897,34.5316,36.6512,36.1505,39.1383,40.6694,42.3925,44.9112,44.1032,47.1288,45.8354,42.3189,40.9476,37.4101,35.9133,34.8562,31.3688
10.5312,8.88087,8.89726,6.53144,3.81769,0.0,3.82665,6.51696,10.0426,13.5189,16.1865,19.8025,21.967,25.7346,25.715,22.8061,19.0416,16.1035,12.5293,10.0325,6.5194,5.44312,4.60661,5.86539,8.52267,10.1248,9.71904,9.51783,9.44298,10.37,12.381,15.0192,17.9896,18.038,21.6036,21.3289,18.7019,19.0774,17.0717,18.909,17.2212,13.7697,14.205,15.4689,13.0012,10.3837,13.1804,13.5499,10.0187,10.3704,13.8932,13.4951,10.609,10.0294,7.25616,8.02109,6.17248,4.93317,5.96349,8.48093,11.3469,13.9168,15.7713,18.0253,16.0194,12.8682,15.2945,17.6385,19.1585,18.9592,15.1863,14.7596,17.5854,15.4646,12.6774,15.7224,17.0204,14.1709,12.8894,9.84236,10.2596,9.89141,11.1621,13.56,13.4324,14.8497,17.3575,15.4404,11.8337,12.824,13.6174,10.7027,9.45823,13.029,14.8493,12.9368,14.2519,17.7194,17.0378,16.3783,19.3977,21.6399,21.2123,21.6679,24.8956,26.3438,26.1472,26.9721,30.7,29.9847,28.0289,29.9771,27.1965,23.9966,21.5735,23.4404,22.9112,19.1972,18.5874,21.0531,18.8018,15.6362,18.0579,19.578,16.6186,15.2204,18.7913,19.7516,20.7102,21.442,25.233,27.8258,28.1921,25.5688,22.3222,19.4208,17.1512,13.4193,14.2223,16.1951,14.2891,11.5523,14.466,16.1234,13.3786,12.7974,16.59,17.9432,16.166,17.6206,20.905,20.7629,19.5763,22.4353,24.7882,23.3901,23.4395,27.1713,28.1212,26.4799,28.0842,31.5269,31.3983,30.7467,34.4489,36.6572,40.1376,43.4458,46.0245,49.3152,50.0923,53.0527,56.3711,55.1958,54.2737,51.9239,48.5735,45.5124,42.1509,39.4343,38.3698,35.2239,35.9422,35.1952,37.5673,40.1132,43.2604,46.5443,48.4926,46.0863,42.7217,40.5047,38.7955,37.0337,38.6828,37.5151,38.0485,40.2359,39.7728,42.8178,44.3497,46.1385,48.6578,47.8619,50.9138,49.6414,46.1287,44.7524,41.2028,39.681,38.5496,35.0537
13.4043,11.5591,12.3251,10.2209,6.93257,3.82665,0.0,3.8132,6.71016,10.4327,12.9773,16.7073,19.124,22.9293,22.9819,20.1814,16.4201,13.8997,10.6304,8.16708,5.77694,5.16758,6.59254,6.71489,10.316,11.7523,10.2041,10.6304,9.47079,10.5005,11.4571,14.1322,16.5391,16.5378,19.8982,19.2479,16.3055,17.127,15.6202,17.9664,16.3059,12.7983,14.0805,15.7143,13.1542,11.1299,14.5633,15.1262,11.8921,12.9849,16.5434,16.2274,13.808,13.6533,10.6907,11.2503,8.55514,5.76872,4.40439,5.7715,7.88318,10.9311,12.6525,15.3645,13.6383,10.8736,13.4001,16.1057,18.2824,18.5003,14.6961,14.7268,17.961,16.3143,13.9351,17.233,18.8208,16.509,15.4287,11.9728,11.768,10.1492,10.7421,12.1808,11.1137,12.2933,14.8702,13.6485,9.95981,9.94056,10.8108,8.65046,6.63075,9.79028,12.2202,10.6864,11.4549,14.991,14.9936,14.5135,17.0731,19.5088,19.6456,19.9596,22.9008,24.7593,24.8769,25.3442,29.1339,28.8727,26.9514,28.8213,25.8538,22.4001,20.4563,22.6707,21.7623,17.9832,18.1394,20.6063,17.9946,15.3506,18.3374,19.4626,16.4,15.8744,19.625,20.0704,21.3631,21.8831,25.6795,28.564,29.386,26.9103,23.4099,20.8382,18.3345,14.6808,16.0183,18.3718,16.5056,14.2508,17.4945,19.1083,16.4823,16.3384,20.1173,21.3601,19.7604,21.3913,24.597,24.3148,23.13,26.0632,28.3334,26.709,26.7408,30.5141,31.2979,29.4242,31.0791,34.5535,34.2097,33.3497,37.1024,39.1429,42.6933,45.8935,48.5841,51.8362,52.7252,55.8005,59.0381,57.6898,56.6711,54.1647,50.8307,47.7895,44.4058,41.6955,40.8626,37.8723,38.8241,38.2932,40.7918,43.305,46.544,49.7983,51.7135,49.2371,45.8016,43.5869,41.6897,39.7984,41.2036,39.8815,40.5175,42.8947,42.65,45.7055,47.3912,49.0866,51.6664,50.8368,53.7749,52.3884,48.8475,47.3545,43.8585,42.1306,40.9989,37.3948
16.6788,15.1061,15.3898,12.879,10.1022,6.51696,3.8132,0.0,3.81898,7.13142,10.2041,13.772,16.3977,20.1343,19.7758,16.7497,12.944,10.5463,7.19983,5.70889,4.57169,6.41284,9.0603,10.0868,13.6752,14.4551,12.3529,12.0094,9.71318,9.5232,9.32487,11.3262,13.2925,12.9256,16.1708,15.4361,12.5445,13.4866,12.3064,14.6149,12.8099,9.4311,11.3693,12.9602,10.41,9.09262,12.8521,13.5291,10.9005,12.6705,16.0509,16.036,14.4244,14.868,11.8649,13.0053,10.5941,7.11344,6.19562,5.0545,6.89351,9.61265,10.268,12.6779,10.4169,8.16011,11.3429,13.5919,16.1122,16.0581,12.3613,13.2869,16.3724,14.7388,13.168,16.7871,18.0663,16.2773,15.9762,12.6233,12.9436,11.2305,12.4191,13.6262,12.3253,13.8949,16.9653,16.3894,12.8453,11.8238,12.337,10.9502,7.81972,9.94831,12.9501,10.9987,10.5108,14.2813,14.8471,13.6058,15.7003,18.6846,18.7853,18.3875,21.3405,23.564,23.3868,23.365,27.1735,27.0391,24.7933,26.2861,23.0838,19.6422,17.7671,20.3971,19.7331,15.9199,16.4028,19.2652,16.9376,14.497,17.8201,19.2481,16.6608,16.4779,20.2898,20.94,22.8207,23.7514,27.4787,30.2557,31.3581,29.2047,25.6835,23.0041,20.0785,16.43,17.3193,20.1835,18.9074,16.4484,19.4507,21.5775,19.3095,18.7577,22.4463,24.1416,22.5611,23.7463,27.1397,27.2206,26.0085,28.7165,31.2219,29.8594,29.7345,33.479,34.5123,32.7068,34.1582,37.6985,37.5596,36.6443,40.3506,42.5288,46.0996,49.36,52.0752,55.3785,56.2886,59.3106,62.5955,61.2924,60.2439,57.7864,54.4128,51.4144,47.9973,45.2542,44.4224,41.361,42.166,41.5668,43.9204,46.3558,49.5106,52.7136,54.764,52.408,49.0371,46.8999,45.1219,43.3405,44.8353,43.5889,44.2084,46.5197,46.1674,49.1994,50.7707,52.4707,54.959,54.0442,57.0276,55.764,52.1954,50.6399,47.0861,45.3292,44.0159,40.4425
20.0638,18.2398,18.7835,16.5348,13.5509,10.0426,6.71016,3.81898,0.0,3.80565,6.60912,10.2685,13.1399,16.8695,16.6245,13.8152,10.1119,8.40892,6.1563,5.34482,6.69034,8.4818,11.8203,12.3688,16.1138,16.5721,13.8081,13.7997,10.8843,10.7194,9.28005,11.0128,12.0275,11.8099,14.6354,13.6239,10.5754,12.419,12.2874,14.8423,12.9557,10.1276,12.9771,14.4905,11.9561,11.6567,15.4596,15.9839,13.764,16.014,19.1632,19.01,17.7402,18.5309,15.6452,16.7975,14.2077,10.5938,8.781,6.40218,5.98523,8.90787,8.56334,11.417,9.42004,8.49751,11.6494,13.8775,17.0186,17.2093,13.8349,15.3389,18.4441,17.1857,16.143,19.7675,21.0565,19.636,19.5355,16.1547,16.2204,13.9897,14.6327,14.944,12.806,13.8548,16.2546,16.4353,13.3178,11.2484,11.3056,11.0392,7.41314,7.98268,11.4227,9.84214,8.20982,11.8164,13.2407,12.0345,13.3309,16.5301,17.1817,16.5099,19.0498,21.6893,21.7947,21.3456,25.1333,25.4838,23.3237,24.7028,21.3885,17.7549,16.5473,19.4371,18.3661,14.6887,16.0437,18.7356,16.1972,14.5345,18.1839,19.1705,16.7363,17.3938,21.1393,21.3423,23.5389,24.3637,27.962,30.8827,32.4065,30.4946,26.8488,24.4767,21.3923,17.9972,19.1941,22.2859,21.1626,19.1107,22.2721,24.3747,22.2989,22.065,25.708,27.3726,26.025,27.3333,30.6466,30.7065,29.6186,32.4239,34.8308,33.354,33.3247,37.088,37.9786,36.0929,37.6428,41.1692,40.8668,39.8912,43.6327,45.6721,49.2632,52.4356,55.1886,58.4374,59.3727,62.477,65.6925,64.2855,63.2169,60.6424,57.311,54.2968,50.8988,48.1859,47.4681,44.5234,45.4983,44.989,47.4449,49.91,53.1171,56.3305,58.3263,55.9006,52.4805,50.2917,48.3937,46.4796,47.8193,46.4127,47.0255,49.4929,49.3188,52.3982,54.0997,55.7902,58.3531,57.4699,60.3897,59.0222,55.4568,53.8721,50.3689,48.5155,47.2506,43.6174
23.736,21.9322,22.2401,19.92,17.1557,13.5189,10.4327,7.13142,3.80565,0.0,3.78838,6.9159,10.0722,13.6289,12.9988,10.0849,6.4265,5.59889,4.96523,6.16299,8.97768,11.3927,14.9913,15.86,19.535,19.5618,16.5097,16.1318,12.7181,11.8205,9.20237,9.85347,9.66847,9.28198,11.5669,10.4591,7.64657,10.3496,11.3402,13.6175,11.5606,9.67477,13.1846,14.3118,11.984,12.7689,16.3718,16.7502,15.2244,17.8996,20.6615,20.5727,19.9302,21.1584,18.4435,19.9131,17.5466,13.8699,12.328,9.40618,8.35486,10.3539,8.52324,10.7885,8.52999,9.18455,12.3813,13.8716,17.2793,17.2334,14.3666,16.6362,19.3762,18.2372,17.9566,21.6039,22.5701,21.5747,22.0043,18.8355,19.1841,16.995,17.8254,17.905,15.6262,16.646,18.8009,19.4274,16.619,14.0913,13.7038,14.0104,10.2662,9.69874,12.9858,11.3355,8.53491,11.6585,13.6888,11.9045,12.2657,15.847,16.587,15.164,17.4228,20.4504,20.3768,19.3186,23.0131,23.6562,21.3022,22.2681,18.7721,15.1612,14.4323,17.6876,16.6929,13.2827,15.2479,18.0183,15.8086,14.767,18.5104,19.5159,17.657,18.762,22.334,22.5508,25.1787,26.2594,29.6834,32.4919,34.3067,32.7255,29.1015,26.7735,23.4508,20.2525,21.1962,24.5645,23.8773,21.8593,24.8519,27.218,25.4451,25.0799,28.6066,30.5273,29.3001,30.379,33.7464,34.0452,33.0291,35.7387,38.2339,36.9074,36.8602,40.6017,41.596,39.7753,41.2592,44.8038,44.5857,43.6116,47.3364,49.4257,53.0206,56.2125,58.9657,62.2246,63.146,66.2326,69.4616,68.0771,67.0151,64.4473,61.1123,58.1006,54.7006,51.9831,51.2552,48.2873,49.2078,48.6394,51.0333,53.4848,56.641,59.841,61.8935,59.5198,56.1315,53.951,52.111,50.2161,51.5944,50.1766,50.7353,53.2034,53.0073,56.1046,57.7707,59.4954,62.0331,61.134,64.0826,62.7609,59.1901,57.5918,54.066,52.2055,50.8652,47.2464
26.3614,24.1775,24.5731,22.6499,19.7881,16.1865,12.9773,10.2041,6.60912,3.78838,0.0,3.7859,6.76992,10.4175,10.5143,8.45974,5.60744,5.79173,7.14749,7.8171,11.253,13.077,16.8577,17.4404,21.0135,20.6358,17.1973,17.104,13.5726,13.0634,10.0831,10.8259,9.95842,10.5489,12.2971,11.5728,9.46227,12.8609,14.5606,16.5891,14.3261,13.0494,16.7039,17.439,14.9039,16.1214,19.6449,19.5698,18.0234,20.9951,23.5679,23.0593,22.489,24.0189,21.5475,23.1492,20.7671,17.1694,15.2917,12.5818,10.8034,13.0027,11.0005,13.4082,11.6393,12.8002,15.7403,17.2127,20.7467,20.7353,18.0448,20.3955,23.1026,21.946,21.7091,25.3763,26.2675,25.179,25.6064,22.4208,22.6982,20.3924,20.8532,20.5541,17.8185,18.1423,18.7399,19.7053,17.4787,14.5769,13.4041,14.358,10.8012,9.02933,11.7834,10.475,6.91355,9.09825,11.7607,10.1443,9.48174,13.0343,14.2892,12.7702,14.4526,17.7444,18.0712,16.7664,20.3612,21.4701,19.4592,20.5446,17.2102,13.4756,13.621,16.6876,15.0578,12.0723,14.803,17.0019,14.5857,14.4663,18.1999,18.5924,16.9544,18.7878,22.0956,21.8367,24.6438,25.6172,28.8036,31.655,33.8339,32.5379,28.895,26.9102,23.5505,20.7447,21.9651,25.3915,24.8675,23.3219,26.4212,28.6806,27.1722,27.1828,30.6067,32.4655,31.5904,32.8409,36.0491,36.3584,35.6179,38.4993,40.799,39.3899,39.6005,43.3428,44.1284,42.3534,44.0544,47.52,47.1117,46.2431,50.0139,51.9421,55.5018,58.6041,61.3041,64.4668,65.3011,68.4565,71.605,70.1775,69.2016,66.5354,63.29,60.198,56.8764,54.2275,53.4882,50.6285,51.7158,51.1294,53.6537,56.2322,59.4268,62.7023,64.6227,62.1324,58.6958,56.3709,54.4377,52.3549,53.6296,51.998,52.4251,55.0514,55.0472,58.2455,60.0669,61.8786,64.5467,63.7915,66.7166,65.2495,61.7281,60.2229,56.7628,54.9295,53.7543,50.0986
30.0797,27.8792,28.132,26.2024,23.4641,19.8025,16.7073,13.772,10.2685,6.9159,3.7859,0.0,3.79082,6.95646,6.87569,5.50471,4.36239,6.4718,9.34339,10.7714,14.4657,16.4792,20.2967,21.0401,24.5247,23.8611,20.3118,20.0098,16.349,15.474,12.0441,11.8953,9.86317,10.5961,11.2847,10.7716,9.6579,13.4403,15.94,17.5297,15.2759,14.8868,18.6799,19.0484,16.7662,18.6035,21.8606,21.6205,20.5524,23.7298,25.9832,25.4652,25.3139,27.125,24.8018,26.5905,24.3392,20.7173,18.9664,16.0673,14.1544,15.8508,13.2457,15.0394,13.3852,15.3403,18.1088,19.0524,22.6076,22.43,20.194,22.928,25.3371,24.2653,24.4903,28.1251,28.7835,27.9548,28.7021,25.6614,26.0996,23.8279,24.3769,23.9519,21.1593,21.427,21.7285,22.9587,20.9958,17.9328,16.5218,17.756,14.3277,12.1628,14.4168,13.2241,9.44494,10.4927,13.397,11.5268,9.72286,13.1978,14.5513,12.3327,13.3237,16.9433,17.1748,15.1541,18.4571,20.0149,17.982,18.6073,15.2604,11.7318,12.8077,15.9436,14.2979,12.0537,15.3078,17.2542,15.2879,15.9104,19.4477,19.7168,18.6911,20.8681,23.8663,23.5568,26.6382,27.7741,30.7107,33.4158,35.8488,34.8772,31.311,29.4387,25.9763,23.4347,24.4724,28.0178,27.8259,26.3732,29.3242,31.7246,30.4635,30.4245,33.733,35.7492,35.001,36.1112,39.3234,39.8014,39.148,41.9818,44.314,43.0042,43.2381,46.9636,47.7955,46.0781,47.7633,51.2304,50.8589,50.0118,53.7782,55.7228,59.279,62.3848,65.0731,68.2285,69.0337,72.184,75.3307,73.9183,72.9658,70.2922,67.059,63.9547,60.6452,58.0037,57.2487,54.3847,55.4525,54.8147,57.3108,59.9009,63.0616,66.3408,68.2819,65.8127,62.3937,60.0511,58.1509,56.056,57.3488,55.6796,56.0423,58.6876,58.6925,61.9194,63.7355,65.5901,68.2598,67.5185,70.4651,69.0105,65.4936,63.997,60.5282,58.6991,57.4948,53.8445
32.2753,29.8094,29.825,28.1953,25.6422,21.967,19.124,16.3977,13.1399,10.0722,6.76992,3.79082,0.0,3.81414,5.34585,5.84828,6.39887,7.90444,11.2914,12.3727,16.1849,17.9627,21.7521,22.6464,25.8666,24.6795,21.0073,20.5528,16.9214,16.0647,12.5968,12.3343,10.0757,11.8423,12.3207,12.7945,12.5896,16.3824,18.997,20.099,17.4634,17.4952,21.2746,21.0757,18.5453,20.7663,23.8267,23.0368,22.0526,25.5003,27.4131,26.4869,26.5744,28.7792,26.8401,28.9547,26.9568,23.487,21.8895,19.2913,17.5368,19.5073,17.0145,18.7668,16.9186,18.7888,21.7354,22.5408,25.9922,25.5047,23.3006,26.1448,28.3914,27.0175,27.3079,31.009,31.3776,30.3765,31.2841,28.3819,29.0671,26.9958,27.6013,27.2989,24.4527,24.4577,23.6409,24.7212,23.0692,20.1502,18.1278,19.2745,16.0556,13.7838,15.1801,13.8037,10.1633,10.1569,12.7302,10.6434,7.99713,11.1437,12.348,9.70363,10.0992,13.8175,14.0548,11.7095,14.8374,16.6832,14.9296,15.6416,12.6263,9.22845,11.1867,13.8196,11.7579,10.3512,14.0043,15.3155,13.6196,15.084,18.2724,18.1863,17.7503,20.3263,22.8836,22.4224,25.7215,27.0315,29.6481,32.1441,34.8251,34.2432,30.8157,29.1213,25.6083,23.4943,24.4301,28.009,28.2071,27.0616,29.8682,32.3056,31.4548,31.5594,34.6472,36.7657,36.3807,37.4464,40.5168,41.1936,40.8614,43.7552,45.9536,44.7537,45.2412,48.9158,49.6665,48.1475,49.9878,53.3601,52.9509,52.3208,56.0997,57.9995,61.4827,64.5714,67.1359,70.2193,70.8537,73.9914,77.1093,75.7776,74.9841,72.3119,69.1579,65.9555,62.7372,60.1571,59.248,56.3956,57.4758,56.6723,59.1939,61.9204,65.034,68.396,70.2407,67.7223,64.3184,61.8335,59.9786,57.7775,59.1219,57.3188,57.4577,60.1508,60.2157,63.5433,65.4081,67.4242,70.1771,69.6022,72.6064,71.0934,67.6454,66.3115,62.8668,61.1829,60.1109,56.483
36.069,33.5843,33.5278,31.9144,29.4265,25.7346,22.9293,20.1343,16.8695,13.6289,10.4175,6.95646,3.81414,0.0,3.7813,6.63733,8.93394,11.0028,14.655,16.0124,19.8348,21.6657,25.4313,26.3774,29.5235,28.169,24.4761,23.9342,20.3339,19.3252,15.7996,15.0435,12.2644,13.9769,13.5552,14.2539,14.7986,18.5354,21.5383,22.321,19.8016,20.3761,24.1376,23.7113,21.4175,23.9505,26.7935,25.9006,25.2401,28.7665,30.441,29.503,29.8675,32.2376,30.4054,32.6167,30.6855,27.1984,25.6353,22.9209,21.0556,22.7615,19.9988,21.3999,19.7068,21.9629,24.7554,25.2517,28.6689,28.0928,26.2171,29.2588,31.3023,30.0052,30.5823,34.2393,34.4561,33.6318,34.7355,31.9266,32.69,30.6198,31.2495,30.8416,27.9413,27.8864,26.8512,28.1142,26.6628,23.6496,21.5313,22.8607,19.764,17.3137,18.4218,17.2302,13.702,13.0627,15.5448,13.5627,10.44,12.8602,14.042,11.0882,10.4145,14.0824,14.2527,11.1795,13.5564,15.9916,14.4495,14.5739,11.917,9.33392,12.2786,14.5371,12.5767,12.272,15.9821,16.8524,15.7041,17.708,20.5244,20.2758,20.3677,23.1259,25.3292,24.7984,28.2153,29.603,31.9325,34.2556,37.1353,36.8539,33.5435,31.9985,28.4866,26.6387,27.4501,31.0381,31.472,30.4362,33.1142,35.6106,34.9507,35.046,38.0254,40.2319,39.9587,40.9361,43.9823,44.7744,44.5217,47.3874,49.589,48.4544,48.9752,52.6334,53.3993,51.9251,53.7693,57.1344,56.7358,56.1291,59.9074,61.8043,65.2803,68.362,70.911,73.9773,74.5792,77.7172,80.8234,79.5012,78.7365,76.0506,72.9169,69.6988,66.4995,63.9328,63.0117,60.1683,61.2483,60.4061,62.9159,65.6606,68.7495,72.1197,73.9659,71.454,68.0616,65.5516,63.7149,61.4898,62.8366,60.9877,61.0654,63.7832,63.8732,67.2279,69.1015,71.158,73.9231,73.3741,76.3919,74.8748,71.4369,70.1193,66.6751,64.997,63.9182,60.2907
36.1953,34.0292,33.8521,31.8641,29.4905,25.715,22.9819,19.7758,16.6245,12.9988,10.5143,6.87569,5.34585,3.7813,0.0,3.77457,7.19859,10.051,13.8067,16.0011,19.7823,22.1727,25.9525,27.1835,30.4813,29.3358,25.7759,24.9068,21.1548,19.5794,15.8306,14.3155,10.9653,11.8231,10.5982,11.1204,12.233,15.7838,19.0638,19.5699,17.3216,18.3783,22.0642,21.6227,19.819,22.5587,25.1786,24.5729,24.3705,27.7951,29.3705,28.8499,29.4859,31.7868,29.8295,32.0289,30.1769,26.6147,25.321,22.3099,20.6613,21.8473,18.7102,19.4832,17.6915,20.3386,22.9988,23.0027,26.2826,25.5658,24.0806,27.3522,29.1042,27.9829,28.9624,32.4992,32.5935,32.1408,33.5064,30.8491,31.7468,29.7655,30.6938,30.4082,27.7615,28.1867,28.3571,29.625,27.7791,24.7483,23.0915,24.2464,20.8382,18.7185,20.4299,18.9809,15.3075,15.499,17.9884,15.5985,13.0366,15.9573,16.7495,13.502,13.5331,17.0871,16.629,13.4385,15.8048,17.819,15.5971,14.9857,11.817,9.49019,12.0079,14.8836,13.8239,13.2074,16.6031,18.1481,17.3917,18.8335,21.7598,22.1354,22.2355,24.5688,26.993,26.9118,30.3874,31.9763,34.5099,36.7889,39.4742,39.0501,35.7147,33.8535,30.2298,28.0584,28.5518,32.247,32.7008,31.2497,33.7946,36.5168,35.7231,35.4371,38.4794,40.8616,40.3074,41.0338,44.2641,45.1487,44.6576,47.3241,49.7599,48.7552,49.0135,52.6722,53.6842,52.1685,53.7737,57.2362,57.0487,56.3122,60.0476,62.1181,65.6475,68.8248,71.4493,74.624,75.3277,78.4044,81.5995,80.3093,79.4402,76.8359,73.601,70.4655,67.1721,64.5263,63.6391,60.6831,61.5936,60.7618,63.1241,65.7303,68.7655,72.0484,74.064,71.6927,68.3546,65.9954,64.2598,62.2183,63.6674,62.0109,62.2135,64.7988,64.7024,67.971,69.6853,71.6609,74.2866,73.5712,76.6189,75.2648,71.7627,70.3232,66.8011,65.0641,63.775,60.1793
33.2953,31.3666,31.1206,28.8865,26.5981,22.8061,20.1814,16.7497,13.8152,10.0849,8.45974,5.50471,5.84828,6.63733,3.77457,0.0,3.81477,7.05207,10.6377,13.3341,16.976,19.7246,23.4565,24.8788,28.2658,27.357,23.9661,22.9052,19.1027,17.2182,13.4317,11.6583,8.27627,8.40197,7.37993,7.61845,8.59497,12.1564,15.3422,15.8706,13.623,14.6352,18.3123,17.9942,16.3357,19.0196,21.6339,21.2845,21.1744,24.4692,26.1311,25.8939,26.5263,28.6702,26.5858,28.7308,26.9337,23.3692,22.3114,19.2251,17.922,18.9415,15.7678,16.3349,14.2083,16.8186,19.5756,19.4458,22.6536,21.8417,20.332,23.643,25.3399,24.2218,25.2657,28.7709,28.8652,28.5067,29.9232,27.325,28.3019,26.4334,27.5947,27.535,25.1538,25.973,27.0705,28.1421,25.9058,23.0222,21.7495,22.5752,18.9443,17.3058,19.5175,17.765,14.125,15.2373,17.6004,14.9396,13.1594,16.6052,17.1088,13.9507,14.9365,18.414,17.6676,14.9264,17.784,19.1777,16.5018,16.0159,12.396,9.6494,11.0102,14.474,13.9067,12.4089,15.419,17.6624,16.8394,17.5227,20.6871,21.5739,21.365,23.2435,25.9962,26.2647,29.6642,31.3353,34.1539,36.4854,38.8942,38.192,34.7997,32.6444,28.9825,26.4598,26.7922,30.5131,30.8392,29.0479,31.5514,34.3715,33.386,32.8439,35.9713,38.4074,37.6077,38.2135,41.5636,42.4423,41.759,44.3034,46.8782,45.9324,46.0098,49.6641,50.8251,49.2781,50.7276,54.2425,54.1922,53.3813,57.0795,59.2654,62.8184,66.0607,68.7249,71.972,72.7443,75.7699,79.0269,77.7673,76.83,74.3004,70.9966,67.9219,64.569,61.8722,60.994,57.959,58.7479,57.9312,60.1976,62.7078,65.7141,68.938,71.0515,68.768,65.4662,63.2162,61.5481,59.6454,61.1704,59.6723,59.9773,62.4476,62.208,65.4011,66.9999,68.907,71.4339,70.609,73.6715,72.4271,68.8889,67.3803,63.8125,62.0578,60.6503,57.0872
29.5104,27.6498,27.4566,25.1557,22.8246,19.0416,16.4201,12.944,10.1119,6.4265,5.60744,4.36239,6.39887,8.93394,7.19859,3.81477,0.0,3.80945,7.0382,9.81762,13.3655,16.2031,19.9083,21.3321,24.7806,24.0937,20.8188,19.7957,16.0181,14.1915,10.5189,9.18583,6.56202,6.40727,7.02455,6.82379,6.40575,10.1045,12.738,13.714,11.264,11.5207,15.3025,15.2948,13.3456,15.6698,18.5745,18.3943,17.9335,21.1278,23.0788,22.9014,23.2359,25.177,22.9482,24.9919,23.1328,19.5666,18.5461,15.5426,14.4971,15.7512,12.8669,13.8033,11.3308,13.4744,16.5056,16.7265,19.99,19.2561,17.3012,20.4224,22.3709,21.1376,21.8611,25.4475,25.7135,25.1555,26.3705,23.6632,24.5846,22.7345,23.9361,24.0488,21.793,22.7681,24.2668,25.102,22.6157,19.9141,18.8765,19.4073,15.671,14.4582,17.0043,15.0643,11.5797,13.4951,15.692,13.0333,12.0659,15.8063,16.222,13.5155,15.2487,18.594,17.934,15.861,19.1892,20.1435,17.4319,17.5436,13.842,10.5726,10.8017,14.4397,13.8402,11.3853,14.0472,16.7137,15.4609,15.4482,18.8911,19.99,19.2787,20.8346,23.9074,24.2909,27.5056,29.0931,32.1535,34.6092,36.7854,35.7909,32.3271,30.0221,26.4068,23.6141,24.0193,27.6898,27.7689,25.8219,28.423,31.1838,29.9886,29.4123,32.6497,34.9984,34.0571,34.7338,38.1173,38.8795,38.0968,40.6559,43.2394,42.2365,42.2642,45.9338,47.0918,45.5018,46.9349,50.4598,50.4104,49.5755,53.2707,55.4676,59.0255,62.2775,64.9541,68.2183,69.021,72.0409,75.3094,74.0455,73.082,70.5726,67.2498,64.1942,60.8243,58.1145,57.2446,54.1968,54.9753,54.195,56.4661,58.9546,61.9834,65.1987,67.3121,65.0249,61.7148,59.4945,57.8152,55.9467,57.4752,56.0347,56.4021,58.8352,58.5617,61.721,63.3035,65.1689,67.6792,66.8276,69.8783,68.642,65.0951,63.5716,60.0016,58.245,56.8405,53.2791
26.6313,24.6734,24.1852,22.0083,19.9208,16.1035,13.8997,10.5463,8.40892,5.59889,5.79173,6.4718,7.90444,11.0028,10.051,7.05207,3.80945,0.0,3.81747,6.48059,10.0207,12.972,16.5995,18.3865,21.6579,20.7614,17.6099,16.2508,12.4728,10.412,6.73556,5.68046,4.26393,5.23299,7.78571,8.55755,7.87983,10.9474,12.6256,13.4053,10.3,10.0261,13.688,13.3037,10.6542,12.955,15.9281,15.3187,14.5565,17.9249,19.8256,19.3553,19.6466,21.7687,19.7902,22.1182,20.5595,17.2122,16.588,14.122,13.8031,15.6482,13.4434,14.7389,11.7152,12.8379,16.3551,16.8101,19.8189,18.7532,16.3277,19.2439,21.215,19.4399,19.8466,23.5578,23.6384,22.6485,23.8498,21.2447,22.4688,20.9882,22.4249,23.0225,21.0064,22.045,23.2711,23.5435,20.8698,18.6534,17.4639,17.3039,13.533,13.0929,15.4391,12.8576,9.87773,12.3938,13.7932,10.7645,10.8405,14.6166,14.3923,11.977,14.525,17.4194,16.5035,15.1341,18.7312,19.0561,16.2998,16.951,13.381,9.93677,8.9979,12.4869,12.033,8.91109,11.0043,13.9951,12.6923,12.0743,15.5564,16.9798,16.1732,17.3632,20.5239,21.1958,24.3693,26.1439,29.2928,31.641,33.6201,32.564,29.1634,26.6645,23.0164,20.1404,20.3408,24.0248,24.2129,22.1782,24.6794,27.5149,26.4442,25.8046,28.9642,31.398,30.5656,31.176,34.5178,35.4009,34.7684,37.3369,39.8684,38.9812,39.1408,42.7666,43.9294,42.5124,44.0118,47.4714,47.4733,46.8242,50.5088,52.7445,56.2392,59.5283,62.0997,65.3489,66.029,68.994,72.286,71.1341,70.2832,67.8469,64.5479,61.4364,58.1132,55.4256,54.3859,51.2799,51.9773,51.0438,53.2849,55.8511,58.8284,62.0961,64.1637,61.8737,58.5961,56.3104,54.7207,52.8573,54.5077,53.0791,53.319,55.6893,55.3481,58.5422,60.0845,62.0539,64.5788,63.8217,66.9419,65.7203,62.2189,60.8258,57.2486,55.6516,54.329,50.8174
23.0146,21.2472,20.6924,18.3312,16.3371,12.5293,10.6304,7.19983,6.1563,4.96523,7.14749,9.34339,11.2914,14.655,13.8067,10.6377,7.0382,3.81747,0.0,3.81438,6.64741,10.0232,13.4463,15.4495,18.7239,18.1524,15.3547,13.8671,10.2971,8.13093,5.22427,5.19491,6.14824,6.22596,9.6655,10.0203,8.47033,10.5641,11.0634,12.1186,9.03878,7.59419,10.9799,10.9223,7.91414,9.53262,12.8184,12.4563,11.2433,14.4231,16.6637,16.365,16.3213,18.1694,16.0275,18.3035,16.812,13.555,13.3064,11.1905,11.7116,13.7181,12.2104,13.6543,10.362,10.4017,14.1531,14.8903,17.6537,16.5674,13.6849,16.2497,18.3762,16.3818,16.3964,20.1598,20.3524,19.1171,20.1418,17.5021,18.8081,17.5448,19.2115,20.2175,18.5905,19.956,21.8768,21.7372,18.6945,16.9459,16.2103,15.4336,11.679,12.2512,14.853,12.0626,9.89491,13.2,14.0761,11.3071,12.5044,16.1136,15.6807,13.9467,16.9459,19.4664,18.5663,17.8319,21.5348,21.4288,18.7107,19.6591,16.2419,12.9368,11.1144,14.2643,14.0607,10.4638,11.5116,14.8089,13.3055,11.6131,15.1141,16.9185,15.5814,16.0625,19.5324,20.4949,23.3418,25.0612,28.4509,30.842,32.4539,31.0561,27.6508,24.9079,21.375,18.1412,18.2601,21.8152,21.728,19.3611,21.8705,24.6917,23.3592,22.5266,25.8018,28.1941,27.1261,27.7162,31.1377,31.9403,31.15,33.6668,36.2681,35.3864,35.4354,39.0632,40.2996,38.8641,40.2827,43.7642,43.8434,43.1711,46.8309,49.1354,52.6324,55.9624,58.5439,61.8345,62.5504,65.4783,68.8079,67.6826,66.7983,64.4225,61.085,58.0107,54.6582,51.9438,50.8895,47.7301,48.347,47.4245,49.6174,52.1331,55.1058,58.3475,60.4539,58.2017,54.9403,52.7195,51.1681,49.3994,51.1054,49.7995,50.115,52.3893,51.9453,55.0806,56.5497,58.4704,60.9384,60.1249,63.2527,62.09,58.5735,57.1573,53.5574,51.9764,50.6136,47.1296
20.499,18.3134,17.8657,15.9671,13.8036,10.0325,8.16708,5.70889,5.34482,6.16299,7.8171,10.7714,12.3727,16.0124,16.0011,13.3341,9.81762,6.48059,3.81438,0.0,3.82916,6.49817,10.1404,11.9884,15.2081,14.5072,11.5793,10.379,6.83079,5.71319,4.00688,6.57532,8.74817,9.81536,13.3353,13.7753,11.9315,13.9621,13.9568,15.3122,12.3485,10.2435,13.068,13.15,9.68429,10.3142,13.7745,13.0442,10.7955,13.8971,16.4052,15.4969,14.7595,16.551,14.556,16.8097,15.2483,12.2454,11.7489,10.5185,11.1695,14.0201,13.4123,15.6117,12.7138,11.8741,15.5433,16.9947,19.6901,18.8694,15.5528,17.4356,19.911,17.7172,16.9332,20.7112,21.1253,19.2644,19.7473,16.9284,18.028,16.7867,18.0936,19.1751,17.4397,18.3582,19.2501,18.6925,15.7414,14.3901,13.3332,12.0709,8.47097,9.69177,11.8834,8.80925,7.55159,11.1348,11.345,8.99612,11.1176,14.3179,13.8458,13.0081,16.1991,18.3266,17.8262,17.8069,21.6011,21.3461,19.1044,20.7379,17.6936,14.2553,12.3655,14.8224,14.0257,10.2113,10.9233,13.7735,11.5878,9.49825,13.092,14.5487,12.5969,13.0107,16.6627,17.3876,19.9845,21.5003,24.9845,27.5047,29.0433,27.4938,24.0246,21.3541,17.9101,14.6241,15.1639,18.6198,18.279,16.1705,18.991,21.554,20.1882,19.7746,23.102,25.2627,24.4211,25.3651,28.6125,29.251,28.6855,31.4584,33.8044,32.7559,33.0892,36.7332,37.7097,36.3168,37.9997,41.3829,41.254,40.7347,44.4458,46.5966,50.043,53.3032,55.8084,59.0142,59.6335,62.6146,65.8826,64.7416,63.9551,61.5226,58.2622,55.1014,51.8243,49.1721,48.0522,44.9702,45.7374,44.7953,47.143,49.8046,52.8417,56.1775,58.1143,55.7184,52.396,50.0266,48.3785,46.4436,48.0849,46.6262,46.8396,49.2173,48.9153,52.1335,53.7444,55.742,58.343,57.6876,60.7974,59.4846,56.0236,54.7363,51.2025,49.705,48.567,45.0586
16.8848,14.832,14.1656,12.1692,10.2422,6.5194,5.77694,4.57169,6.69034,8.97768,11.253,14.4657,16.1849,19.8348,19.7823,16.976,13.3655,10.0207,6.64741,3.82916,0.0,3.81013,6.83218,9.22711,12.2606,11.9202,9.71111,8.27723,5.66051,5.04954,5.9507,8.71165,11.6665,12.3204,16.0217,16.3703,14.3268,15.5621,14.6113,15.9624,13.2952,10.568,12.4173,12.6892,9.26539,8.60989,11.9845,11.3594,8.33565,10.9346,13.7819,12.8686,11.4997,12.9338,10.9021,13.1836,11.8831,9.35186,9.59291,9.51515,11.2888,14.1578,14.4393,16.5986,13.768,11.8703,15.3574,17.0216,19.2211,18.3756,14.7899,15.9867,18.4861,16.0282,14.6195,18.2898,18.7705,16.454,16.5991,13.8435,15.0893,14.3338,15.8776,17.557,16.4124,17.5897,18.9757,17.7891,14.523,14.052,13.514,11.335,8.34405,10.8983,12.8829,9.88031,9.97282,13.6081,13.1425,11.3292,14.1194,16.8782,16.1395,15.8689,19.2366,20.9254,20.3732,20.8411,24.5888,23.9477,21.7751,23.5646,20.7016,17.4856,15.115,17.1797,16.6848,12.9062,12.6412,15.4393,13.3627,10.4311,13.5026,15.2708,12.9282,12.3241,16.092,17.1737,19.2537,20.7055,24.3565,26.8174,27.8849,25.9848,22.6054,19.6645,16.4706,12.8477,13.2251,16.3776,15.7034,13.1818,15.9875,18.4988,16.8522,16.2285,19.6735,21.7828,20.7306,21.6755,24.9761,25.5498,24.8879,27.6386,30.0167,28.9998,29.2902,32.9237,33.9584,32.6116,34.2556,37.6305,37.5844,37.1179,40.8013,43.0243,46.4474,49.7557,52.2321,55.4693,56.0796,59.0096,62.3191,61.2385,60.4593,58.1067,54.8212,51.6762,48.3908,45.7241,44.5295,41.3786,42.0455,41.0604,43.3599,46.0069,49.0266,52.3596,54.3111,51.9435,48.6436,46.3077,44.7221,42.8745,44.61,43.2712,43.512,45.7767,45.3561,48.5325,50.0653,52.0536,54.6109,53.9385,57.0776,55.8197,52.3614,51.1006,47.5467,46.1236,44.987,41.5263
14.8758,12.2098,11.8774,10.7352,8.52416,5.44312,5.16758,6.41284,8.4818,11.3927,13.077,16.4792,17.9627,21.6657,22.1727,19.7246,16.2031,12.972,10.0232,6.49817,3.81013,0.0,3.82273,5.71816,8.72856,8.4099,6.16016,5.71592,4.40874,6.36085,8.37874,11.7971,14.8212,15.905,19.5788,19.8947,17.666,19.044,18.0175,19.6142,17.0784,14.2,15.7872,16.2232,12.858,11.7183,14.845,14.0723,10.5674,12.5612,15.4525,14.0114,11.8139,12.87,11.1407,13.0101,11.6007,9.7364,9.49424,10.5448,12.104,15.4392,16.3976,19.0454,16.6731,14.4785,17.6135,19.7886,21.9577,21.4474,17.7242,18.3285,21.0619,18.6782,16.653,20.0897,20.8542,18.108,17.5834,14.7542,15.5201,14.7401,15.6416,17.2342,16.0009,16.5602,16.6808,14.9482,11.8989,12.1424,11.3705,8.47287,6.44576,9.79512,10.9878,8.23688,9.75769,13.0396,11.9182,11.0775,14.3237,16.3951,15.7916,16.4257,19.6514,20.9446,20.8681,21.8744,25.5649,24.9066,23.229,25.4863,22.9354,19.6728,17.4968,19.0466,18.0463,14.4275,14.0552,16.1417,13.5639,10.6648,13.3695,14.4907,11.4717,10.7186,14.4842,15.1221,16.6531,17.6659,21.416,24.0653,25.0033,22.8478,19.3845,16.6059,13.6999,10.031,11.2323,13.9882,12.7271,10.6758,13.9986,15.9587,14.1399,14.2479,17.7503,19.4031,18.6303,20.1341,23.1411,23.3986,22.9957,26.0719,28.0871,26.7955,27.4289,31.0688,31.7415,30.3989,32.3674,35.6118,35.2739,34.9544,38.6915,40.6969,44.0641,47.2672,49.6737,52.8065,53.333,56.3418,59.5669,58.4359,57.7447,55.3058,52.1105,48.8771,45.676,43.0851,41.8566,38.8278,39.7122,38.756,41.2592,44.0575,47.1661,50.5891,52.3355,49.7938,46.4144,43.9173,42.1818,40.1238,41.7377,40.2058,40.3599,42.7712,42.5504,45.8148,47.5368,49.5833,52.2976,51.7946,54.8832,53.4368,50.0407,48.9067,45.4484,44.0909,43.2221,39.7335
11.701,8.87413,8.16687,7.63783,6.0782,4.60661,6.59254,9.0603,11.8203,14.9913,16.8577,20.2967,21.7521,25.4313,25.9525,23.4565,19.9083,16.5995,13.4463,10.1404,6.83218,3.82273,0.0,3.80075,5.64279,5.84807,5.50245,5.21534,6.4392,8.59273,11.4949,14.7636,18.0898,19.0617,22.8085,23.1648,20.9236,21.8811,20.3534,21.8344,19.5145,16.4932,17.3336,17.774,14.6749,12.8356,15.3834,14.6022,10.8265,11.8511,14.6709,13.0575,10.0817,10.504,9.27019,10.8977,10.0956,9.53465,10.0492,12.2599,14.3897,17.5204,19.0444,21.5821,19.3327,16.6249,19.4206,21.6613,23.3591,22.8361,19.098,19.0582,21.6511,19.1315,16.5899,19.6296,20.4031,17.217,16.2112,13.7259,14.5089,14.3994,15.3075,17.4025,16.8043,17.396,17.5339,15.0965,12.1168,13.4743,13.1181,9.5905,8.95986,12.6739,13.3599,11.0321,13.2274,16.2229,14.619,14.1753,17.6491,19.3006,18.4625,19.4831,22.7508,23.6299,23.5149,24.9071,28.4909,27.5237,25.9773,28.3694,26.0241,22.9532,20.5144,21.7106,20.9066,17.4511,16.4743,18.3235,15.9752,12.7779,14.6908,15.887,12.7897,11.0846,14.5014,15.394,16.1597,17.0023,20.7668,23.2585,23.6324,21.1129,17.864,14.8894,12.5449,8.82156,9.91864,11.8831,10.0406,7.68271,11.0772,12.688,10.4922,10.6799,14.2787,15.7015,14.8676,16.5795,19.4838,19.6082,19.2827,22.451,24.3383,23.0396,23.8126,27.4116,28.0252,26.8106,28.8664,32.0243,31.7002,31.5533,35.2616,37.2817,40.5803,43.8068,46.1275,49.2528,49.7051,52.6684,55.9163,54.8651,54.242,51.8788,48.6969,45.4389,42.275,39.7052,38.3359,35.2589,36.0782,35.0283,37.5311,40.3858,43.4788,46.938,48.6269,46.0663,42.7003,40.1651,38.4814,36.4472,38.1624,36.6928,36.7955,39.1183,38.8169,42.0824,43.7695,45.8631,48.5838,48.1441,51.2681,49.8293,46.4712,45.4425,41.9957,40.7852,40.0212,36.6044
10.9496,7.61975,8.54859,8.73241,6.16762,5.86539,6.71489,10.0868,12.3688,15.86,17.4404,21.0401,22.6464,26.3774,27.1835,24.8788,21.3321,18.3865,15.4495,11.9884,9.22711,5.71816,3.80075,0.0,3.80752,5.72695,5.49739,7.47752,8.81098,11.6339,14.0446,17.5081,20.5123,21.4562,25.0748,25.0429,22.4231,23.5369,22.0824,24.0596,21.9936,18.73,19.7292,20.685,17.7104,15.708,18.5045,18.1235,14.3668,15.1195,18.1602,16.737,13.5518,13.3221,11.7471,12.2946,10.6758,10.1816,9.54896,12.1691,13.7377,17.0367,19.0507,21.9934,20.3155,17.5618,19.9426,22.6903,24.5768,24.6107,20.8035,20.4176,23.3943,21.3279,18.4824,21.3507,22.6769,19.5867,17.9945,15.1718,15.0126,14.2974,14.2387,15.797,14.938,14.8863,14.2334,11.5083,8.69884,10.695,10.6298,6.93213,7.68227,11.423,11.8075,10.5111,13.2116,15.8649,14.4426,14.9454,18.2048,19.5027,19.291,20.7569,23.6576,24.6078,25.057,26.4693,30.0526,29.426,28.1676,30.7122,28.3525,25.0671,23.0312,24.2977,23.0182,19.5919,19.1217,20.6466,17.8218,15.1147,17.1483,17.6202,14.0982,12.999,16.2429,16.3177,16.5704,16.5505,20.3307,23.2141,23.6238,20.8098,17.4058,15.0241,13.2506,9.93459,12.1217,13.4843,10.8112,9.51393,13.1762,13.8184,11.1516,12.3061,15.8569,16.4234,15.5942,18.0069,20.567,20.0109,19.6044,23.0397,24.5901,22.7447,23.614,27.2672,27.4561,25.916,28.211,31.3251,30.5868,30.2867,34.0757,35.8007,39.1423,42.2083,44.6176,47.6643,48.223,51.3454,54.4753,53.2098,52.5064,49.9568,46.8198,43.5501,40.3908,37.8554,36.7105,33.8513,35.0375,34.2946,37.0601,39.932,43.2003,46.6605,48.1921,45.4547,41.9589,39.3766,37.3849,35.1361,36.5216,34.8556,35.1134,37.6704,37.6748,40.9492,42.888,44.8551,47.7081,47.2977,50.2576,48.5999,45.2385,44.1498,40.814,39.4389,38.854,35.324
